127 127 127 127 127 127 127 127 127 127 127 127 127 127 127 127 127 127 127 127 127 127 127 127 127 127 127 125 123 124 125 125 123 124 127 127 127 127 128 127 128 128 127 127 124 121 118 115 99 89 86 82 79 74 72 70 68 68 69 71 74 77 79 82 101 109 115 120 122 125 129 128 127 127 128 127 127 127 126 124 125 125 126 126 127 127 127 127 127 127 127 127 127 127 127 127 127 127 127 127 127 127 127 127 127 127 127 127 127 127 127 127 
127 127 127 127 127 127 127 127 127 127 127 127 127 127 127 127 127 127 127 127 127 127 127 127 127 127 127 126 126 125 125 126 126 127 127 127 127 127 126 123 119 118 116 111 107 105 102 100 92 88 85 82 78 74 71 69 68 68 69 71 73 75 77 78 83 89 95 99 100 105 113 120 124 127 127 129 127 127 125 125 125 126 126 127 127 127 127 127 127 127 127 127 127 127 127 127 127 127 127 127 127 127 127 127 127 127 127 127 127 127 127 127 
127 127 127 127 127 127 127 127 127 127 127 127 127 127 127 127 127 127 127 127 127 127 127 127 127 127 127 127 127 127 127 127 127 127 127 127 126 122 118 115 103 99 97 95 93 90 87 86 86 86 83 81 76 72 70 68 68 68 69 70 71 71 73 73 67 69 75 79 80 85 93 101 115 121 124 126 127 127 127 127 127 127 127 127 127 127 127 127 127 127 127 127 127 127 127 127 127 127 127 127 127 127 127 127 127 127 127 127 127 127 127 127 
127 127 127 127 127 127 127 127 127 127 127 127 127 127 127 127 127 127 127 127 127 127 127 127 127 127 127 127 127 127 127 127 127 127 125 122 118 111 106 103 98 95 94 93 91 89 87 86 85 83 81 79 75 72 70 68 68 69 69 69 69 68 68 68 66 68 73 76 78 82 91 100 112 117 120 123 127 128 127 127 127 127 127 127 127 127 127 127 127 127 127 127 127 127 127 127 127 127 127 127 127 127 127 127 127 127 127 127 127 127 127 127 
127 127 127 127 127 127 127 127 127 127 127 127 127 127 127 127 127 127 127 127 127 127 127 127 127 128 127 127 130 127 126 125 121 119 114 110 104 99 94 93 95 96 95 94 92 90 89 88 85 83 81 78 75 72 70 68 69 70 69 68 68 68 66 66 69 74 78 80 81 86 95 106 111 114 118 122 127 129 131 128 129 127 127 129 127 127 127 126 127 127 127 127 127 127 127 127 127 127 127 127 127 127 127 127 127 127 127 127 127 127 127 127 
127 127 127 127 127 127 127 127 127 127 127 127 127 127 127 127 127 127 127 127 127 127 127 127 127 127 127 129 127 124 120 117 109 106 102 99 94 93 91 90 94 94 93 90 87 86 84 83 83 83 81 79 76 74 72 71 70 69 69 68 68 68 68 68 68 71 75 76 77 83 94 104 111 114 119 123 128 131 132 133 130 128 127 127 127 127 126 126 127 127 127 127 127 127 127 127 127 127 127 127 127 127 127 127 127 127 127 127 127 127 127 127 
127 127 127 127 127 127 127 127 127 127 127 127 127 127 127 127 127 127 127 127 127 127 127 127 126 126 127 127 124 119 112 108 101 97 94 93 93 93 95 97 97 96 94 91 87 85 82 81 83 83 81 79 77 75 75 73 70 69 69 69 69 69 69 69 68 70 73 73 75 81 93 103 113 117 121 125 129 132 134 134 133 132 131 127 127 127 126 125 127 127 127 127 127 127 127 127 127 127 127 127 127 127 127 127 127 127 127 127 127 127 127 127 
127 127 127 127 127 127 127 127 127 127 127 127 127 127 127 127 127 127 127 127 127 127 127 127 125 125 126 125 121 114 106 101 95 94 93 93 94 98 102 105 106 107 105 101 97 93 89 87 85 84 83 81 79 77 75 75 70 69 69 70 71 71 71 71 74 75 77 77 78 84 96 107 115 119 122 127 130 132 134 134 134 133 132 130 129 127 126 124 127 127 127 127 127 127 127 127 127 127 127 127 127 127 127 127 127 127 127 127 127 127 127 127 
127 127 127 127 127 127 127 127 127 127 127 127 127 127 127 127 126 126 126 127 127 127 127 127 123 121 121 119 115 109 102 99 93 93 95 98 102 103 105 106 109 110 111 111 110 103 98 94 88 83 79 77 79 79 76 73 72 73 71 71 70 70 69 69 70 70 71 73 79 88 100 108 115 119 121 126 129 131 132 133 132 132 132 132 132 132 131 128 129 127 127 127 127 127 127 127 127 127 127 127 127 127 127 127 127 127 127 127 127 127 127 127 
127 127 127 127 127 127 127 127 127 127 127 127 127 127 127 127 126 126 126 126 126 126 126 127 122 121 120 117 112 107 102 99 94 94 98 102 105 106 106 106 107 110 112 113 112 106 102 97 90 83 78 76 78 79 76 71 73 73 73 71 70 69 68 68 68 68 68 72 79 89 100 108 113 118 121 125 128 130 131 131 131 132 132 133 134 134 135 135 127 129 127 127 127 127 127 126 127 127 127 127 127 127 127 127 127 127 127 127 127 127 127 127 
127 127 127 127 127 127 127 127 127 127 127 127 127 127 127 127 127 127 126 126 125 125 125 124 120 119 118 115 111 106 102 98 95 98 100 104 106 108 108 107 105 107 110 112 111 108 104 102 92 86 80 76 78 79 77 73 73 73 73 71 71 70 69 68 68 68 68 71 78 87 99 106 113 116 120 123 127 129 129 130 131 132 133 133 134 135 135 135 129 127 127 127 126 126 125 124 126 127 127 127 127 127 127 127 127 127 127 127 127 127 127 127 
127 127 127 127 127 127 127 127 127 127 127 127 127 127 127 127 127 127 126 125 124 123 122 126 118 117 116 113 110 105 101 97 98 100 102 106 108 108 109 108 105 105 108 110 111 110 107 105 96 88 81 77 78 79 77 74 74 74 73 73 71 70 69 69 68 68 67 70 76 86 97 104 111 114 118 121 125 127 128 128 130 132 132 133 133 134 135 135 131 129 128 128 127 126 126 127 127 127 127 127 127 127 127 127 127 127 127 127 127 127 127 127 
127 127 127 127 127 127 127 127 127 127 127 127 127 127 127 127 127 127 126 125 123 121 119 119 115 114 113 111 109 104 100 96 99 102 104 107 109 109 108 108 105 105 107 109 110 110 109 109 99 91 82 77 78 79 77 75 75 75 74 73 71 71 70 69 68 66 66 69 75 85 95 102 108 112 115 119 122 124 125 126 129 130 131 131 132 132 133 133 133 132 129 128 127 127 127 127 127 127 127 127 127 127 127 127 127 127 127 127 127 127 127 127 
127 127 127 127 127 127 127 127 127 127 127 127 127 127 127 127 127 127 127 124 122 119 117 116 113 112 110 110 107 102 99 96 99 102 104 107 108 108 108 108 106 106 107 109 109 110 110 110 102 94 84 77 77 79 78 76 76 75 74 73 73 71 71 70 68 67 67 68 74 83 93 100 107 109 113 117 121 121 123 123 127 128 129 129 129 130 130 130 132 130 128 125 124 125 126 127 127 127 127 127 127 127 127 127 127 127 127 127 127 127 127 127 
127 127 127 127 127 127 127 127 127 127 127 127 127 127 127 127 127 127 127 124 120 118 114 113 110 110 109 108 105 102 99 97 99 101 104 105 106 107 107 106 109 109 109 109 108 109 109 109 104 95 85 78 77 79 79 77 76 76 75 74 72 71 71 71 68 67 65 68 73 82 92 98 105 107 111 115 119 120 121 121 124 125 125 126 127 127 128 128 127 124 121 117 116 117 120 123 126 127 127 127 127 127 127 127 127 127 127 127 127 127 127 127 
127 127 127 127 127 127 127 127 127 127 127 127 127 127 127 127 129 127 127 124 120 116 113 112 109 108 108 107 104 101 97 98 99 100 103 105 105 105 105 104 110 112 110 109 108 108 108 109 106 97 86 79 77 79 79 78 77 76 75 74 73 71 71 71 68 67 65 67 72 81 90 97 103 107 110 113 117 119 120 120 122 123 123 123 124 125 125 126 121 117 113 109 108 110 113 115 124 127 127 127 127 127 127 127 127 127 127 127 127 127 127 127 
127 127 127 127 127 127 127 127 127 127 127 127 127 125 126 126 125 126 127 127 124 119 114 110 105 103 103 103 102 100 97 95 99 101 104 106 108 109 110 109 111 112 113 113 113 113 111 111 104 96 90 85 82 81 82 82 80 79 78 77 75 73 72 72 68 66 66 66 70 77 85 90 100 104 108 110 113 114 115 114 116 119 121 124 125 124 121 119 116 112 106 102 99 98 99 101 119 125 127 127 127 127 127 125 126 127 127 127 127 127 127 127 
127 127 127 127 127 127 127 127 127 127 127 127 127 126 126 125 123 124 126 127 126 121 116 111 104 102 102 101 99 97 95 94 102 102 106 108 111 112 112 112 113 113 114 116 116 114 113 111 103 96 93 88 85 84 84 84 82 80 79 78 76 74 72 72 68 66 66 66 69 75 82 86 96 100 104 108 110 112 113 112 114 117 120 122 122 120 116 113 113 108 100 93 90 94 100 106 119 124 126 129 127 127 127 124 126 127 127 127 127 127 127 127 
127 127 127 127 127 127 127 127 127 127 127 127 127 126 125 125 122 122 125 126 125 123 119 116 106 102 101 98 97 94 93 92 101 104 107 110 113 113 113 114 114 114 116 117 117 115 113 112 102 97 94 90 87 86 86 86 84 82 81 79 78 76 75 75 71 68 67 67 70 75 80 85 92 94 99 102 106 108 110 110 112 113 116 117 116 113 109 105 106 101 91 84 85 94 109 121 123 124 125 127 127 127 126 125 126 127 127 127 127 127 127 127 
127 127 127 127 127 127 127 127 127 127 127 127 126 124 125 125 120 121 123 125 125 124 121 120 109 103 101 97 94 92 90 90 99 104 108 111 113 115 116 116 116 116 117 118 117 116 113 112 102 98 96 93 91 89 88 88 86 85 83 82 79 78 77 76 72 71 70 70 72 74 79 81 86 88 93 97 100 103 105 105 107 109 110 110 107 105 101 97 94 90 86 86 91 102 117 127 124 122 124 124 126 126 126 126 127 127 127 127 127 127 127 127 
127 127 127 127 127 127 127 127 127 127 127 126 124 125 125 125 120 120 122 124 125 125 124 123 112 107 103 98 94 92 90 90 99 103 108 112 113 116 117 117 117 117 118 118 118 115 113 111 102 99 99 97 95 93 92 91 88 86 86 84 82 80 79 79 75 73 72 72 72 74 76 78 79 82 86 91 94 97 98 98 101 101 101 101 99 95 92 90 81 82 89 98 107 115 121 124 121 120 121 123 124 125 126 127 127 127 127 127 127 127 127 127 
127 127 127 127 127 127 127 127 126 126 126 125 125 125 124 124 122 122 123 124 125 125 125 125 117 113 108 101 96 93 92 92 98 101 106 110 113 115 117 117 117 117 117 117 115 113 111 108 102 100 100 101 100 98 96 94 91 89 88 86 85 83 81 80 77 76 76 75 74 74 74 74 76 78 81 85 87 89 89 90 93 94 93 91 89 87 86 85 80 86 99 111 121 123 121 118 118 119 119 120 121 124 126 127 127 127 127 127 127 127 127 127 
127 127 127 127 127 127 127 127 126 126 124 125 125 124 124 124 125 125 124 124 124 124 124 125 124 119 113 105 100 96 95 96 97 99 103 108 113 114 116 116 116 116 116 115 113 111 107 105 102 102 103 104 103 101 98 96 93 91 90 88 86 85 83 82 79 79 78 77 75 74 72 71 73 76 78 80 82 83 82 81 85 86 85 83 82 81 81 81 91 100 110 118 125 125 120 117 118 118 118 118 119 122 126 128 127 127 127 127 127 127 127 127 
127 127 127 127 127 127 127 127 125 126 125 125 125 124 124 123 125 126 125 124 123 123 123 124 127 124 117 109 102 99 98 99 97 99 102 107 110 113 115 115 114 114 114 114 112 109 106 103 102 102 104 106 105 103 100 98 93 92 90 89 87 86 84 83 80 79 79 78 76 74 71 70 73 75 77 78 79 79 77 76 79 80 79 79 78 79 79 79 104 114 117 119 121 121 121 120 118 118 117 117 118 122 126 127 127 127 127 127 127 127 127 127 
126 126 127 127 127 127 127 128 126 125 125 125 125 125 125 125 123 123 122 122 122 122 122 122 125 125 124 120 114 107 102 97 99 99 102 104 107 108 110 111 113 113 111 111 110 108 107 106 108 109 108 107 105 105 103 102 98 96 94 93 89 86 85 84 83 83 84 83 81 79 76 74 73 73 73 73 74 74 74 73 77 75 73 72 75 82 91 98 116 122 121 121 121 120 120 120 118 118 118 118 118 120 121 121 123 125 126 127 127 127 126 125 
126 126 127 127 127 128 127 128 125 123 124 124 124 124 124 124 122 122 122 122 122 122 122 122 124 125 125 124 120 113 106 101 102 103 105 106 108 110 112 113 113 114 113 112 111 110 109 109 110 110 109 107 105 105 103 102 99 98 96 94 91 88 86 86 84 84 84 84 83 79 77 75 74 74 74 74 74 73 73 73 71 70 71 75 82 93 104 113 121 122 122 121 121 120 119 119 118 118 118 118 118 119 119 120 123 125 127 127 127 127 126 125 
127 127 127 127 127 127 127 127 125 124 124 124 124 124 124 124 123 122 122 122 122 122 122 122 123 124 125 125 123 118 112 108 107 108 109 111 112 113 114 114 116 116 115 115 114 113 113 113 110 109 108 106 106 105 103 103 102 101 99 97 94 92 90 89 85 85 85 84 83 80 78 75 77 77 77 76 74 73 72 72 67 68 75 85 96 108 118 125 123 122 121 121 120 120 119 118 118 118 118 118 118 119 119 120 125 127 127 127 127 127 126 125 
127 127 127 126 126 126 126 126 124 123 123 123 123 123 123 123 123 123 123 123 123 123 123 123 122 123 125 126 125 122 119 116 112 111 112 112 113 113 114 115 114 115 115 114 114 113 113 113 110 110 108 107 107 106 106 105 105 105 103 101 100 98 96 95 88 87 87 87 86 83 80 79 79 79 78 76 75 73 72 71 71 76 86 99 110 119 125 128 123 120 120 120 119 118 118 118 117 118 118 118 118 119 119 120 125 127 128 127 127 127 126 124 
127 127 127 126 125 125 124 124 123 123 123 123 123 123 123 123 123 123 123 123 123 123 123 123 122 123 125 125 126 125 125 124 114 112 112 111 112 112 112 112 113 113 113 112 112 113 113 113 112 112 111 111 111 110 110 110 111 111 109 109 107 105 103 103 95 94 94 94 93 90 87 85 82 81 80 79 78 77 76 76 86 94 103 113 120 124 124 123 120 120 119 118 118 118 117 117 117 118 118 118 118 119 119 120 124 125 125 127 127 127 126 125 
127 127 127 126 125 124 123 123 122 122 122 122 122 122 122 122 123 124 124 124 124 124 124 124 122 123 124 125 126 127 127 127 118 115 113 113 113 111 110 110 112 112 112 112 113 113 113 113 116 117 116 116 116 116 117 117 118 117 116 115 114 113 112 112 106 104 105 104 103 100 97 95 90 88 88 88 88 88 88 88 104 112 117 121 124 123 120 118 118 118 118 118 117 117 116 116 117 118 118 118 118 119 119 120 119 120 123 125 127 127 127 127 
127 127 127 126 124 123 122 122 122 122 122 122 122 122 122 122 124 124 124 124 124 124 124 124 123 123 123 124 125 126 127 128 125 123 121 119 118 116 115 114 114 115 115 116 117 118 119 119 121 122 122 122 122 123 124 123 124 124 123 123 121 121 120 120 115 114 116 114 113 111 107 105 102 102 102 104 105 105 107 108 117 121 122 122 122 121 120 118 118 118 118 117 116 116 115 115 116 118 118 118 118 119 119 120 114 114 117 122 125 127 127 127 
127 127 127 126 124 122 123 121 121 121 121 121 121 121 121 121 124 125 125 125 125 125 125 125 124 123 123 123 124 125 126 127 130 130 129 127 125 123 121 120 120 121 121 122 124 124 125 126 126 127 127 127 128 129 129 129 129 128 128 127 126 125 125 125 122 122 123 123 121 118 115 114 114 114 116 117 119 121 123 124 125 123 122 120 120 120 122 123 118 117 117 116 115 115 114 114 116 118 118 118 118 119 119 120 111 110 114 118 123 126 127 127 
127 127 127 127 125 122 120 118 121 121 120 120 120 121 122 122 124 125 125 125 125 125 125 125 126 126 126 125 125 125 126 126 127 128 127 127 126 125 125 125 125 126 126 126 126 127 127 127 127 127 127 127 126 126 126 126 126 126 126 126 126 125 125 125 124 124 124 124 123 124 122 121 121 121 122 122 122 123 123 123 125 125 124 122 121 121 120 120 118 118 118 118 117 117 117 117 118 118 118 118 118 119 121 122 116 104 96 100 117 127 130 125 
128 127 127 127 125 125 121 118 120 121 120 120 120 121 122 122 124 125 125 125 125 125 125 125 126 126 126 126 126 126 126 126 126 126 126 126 126 126 126 126 127 127 127 127 127 127 127 127 127 127 127 126 125 125 125 125 125 125 125 125 125 125 125 125 124 123 124 124 124 124 124 124 123 123 123 123 123 123 123 123 125 125 124 123 122 120 119 119 118 118 118 118 118 118 118 118 118 118 118 118 118 119 120 121 115 101 88 94 114 128 127 122 
127 127 127 125 122 121 119 118 118 119 119 120 121 121 122 122 125 125 125 125 125 125 125 125 126 126 126 126 126 126 126 126 126 126 126 126 126 126 126 126 127 127 127 127 127 127 127 127 127 127 127 126 125 125 125 125 124 124 124 124 124 125 124 124 123 123 124 124 124 124 124 124 123 123 123 123 123 123 123 123 125 124 124 123 121 120 119 118 118 117 117 117 117 117 117 117 118 118 118 118 118 118 118 118 110 96 85 89 107 124 127 124 
127 127 125 121 119 118 118 118 117 118 119 120 122 122 121 121 125 125 125 125 125 125 125 125 126 126 126 126 126 126 126 126 126 126 126 126 126 126 126 126 127 127 127 127 127 127 127 127 127 127 127 126 125 125 125 125 124 124 124 124 124 125 124 124 124 122 122 122 122 122 122 122 123 123 123 123 123 123 123 123 124 124 123 122 121 120 119 118 117 117 117 117 116 117 117 117 118 118 118 118 118 118 116 115 104 91 81 84 101 120 126 125 
128 128 123 118 114 114 114 116 114 115 118 120 122 122 121 120 125 126 126 126 126 126 126 126 126 126 126 126 126 126 126 126 126 126 126 126 126 126 126 126 127 127 127 127 127 127 127 127 127 127 127 126 125 125 125 125 123 123 123 123 123 123 123 123 123 123 123 123 122 123 123 123 123 123 123 123 123 123 123 123 124 123 123 122 120 119 118 118 117 116 116 116 116 116 116 116 118 118 119 119 118 116 113 110 100 88 80 82 94 113 123 127 
127 127 120 112 108 108 111 113 112 113 117 121 123 123 121 120 125 127 127 127 127 127 127 127 126 126 126 126 126 126 126 126 126 126 126 126 126 126 126 126 127 127 127 127 127 127 127 127 127 127 127 126 125 125 125 125 123 123 123 122 123 122 122 123 123 122 122 122 122 122 122 122 123 123 123 123 123 123 123 123 123 123 122 121 119 118 118 117 116 116 116 116 116 116 116 116 117 118 119 119 118 114 110 106 98 89 80 79 89 105 120 126 
129 125 118 107 102 103 107 111 110 111 116 121 124 123 122 120 125 127 127 127 127 127 127 127 126 126 126 126 126 126 126 126 126 126 126 126 126 126 126 126 127 127 127 127 127 127 127 127 127 127 127 126 125 125 125 124 123 122 123 123 123 123 123 123 121 121 121 121 121 121 121 121 123 123 123 123 123 123 123 123 122 122 121 120 119 118 118 117 116 115 115 115 115 115 115 115 117 118 119 120 118 113 107 102 99 92 83 79 86 100 116 127 
127 124 116 104 98 99 103 108 108 110 116 121 124 124 122 119 125 127 127 127 127 127 127 127 126 126 126 126 126 126 126 126 126 126 126 126 126 126 126 126 127 127 127 127 127 127 127 127 127 127 127 126 125 125 125 124 123 123 123 123 123 123 123 123 121 121 121 121 121 121 121 121 123 123 123 123 123 123 123 123 122 122 121 120 118 118 117 116 115 115 115 115 115 115 115 115 117 118 120 120 118 112 105 101 100 94 85 79 84 96 114 127 
131 123 108 97 94 99 103 107 104 106 111 118 122 124 124 123 124 125 127 128 129 129 128 127 126 125 125 125 125 125 125 125 126 127 127 126 125 125 125 125 125 126 127 128 128 127 125 124 126 126 126 126 125 124 124 123 122 121 121 121 121 121 121 121 121 121 122 121 121 121 121 121 121 121 121 122 121 121 122 121 121 121 120 119 118 118 117 118 117 116 116 115 114 113 113 114 115 118 119 119 117 110 101 94 94 94 91 87 87 95 109 121 
127 120 104 94 92 97 102 104 102 104 110 117 122 125 125 124 124 125 127 129 130 129 128 127 126 126 126 126 126 126 126 126 127 127 127 126 125 125 125 125 125 126 128 128 128 127 124 122 125 126 126 125 125 124 124 123 123 121 121 121 121 121 121 122 121 121 121 121 121 121 121 121 121 122 121 122 121 121 122 121 121 121 120 119 119 118 118 118 117 117 116 115 115 113 113 113 115 117 119 119 116 108 99 92 92 94 93 90 89 95 106 118 
126 118 102 92 90 94 99 102 101 103 110 116 122 125 125 124 124 125 127 129 130 129 128 127 126 126 126 126 126 126 126 126 127 127 127 126 125 125 125 125 125 126 128 128 128 127 125 122 125 126 125 125 125 123 123 123 121 121 121 121 121 121 121 121 121 121 121 121 122 121 122 121 122 122 122 122 122 122 122 122 121 121 121 120 119 119 118 118 117 117 117 116 115 115 113 114 115 117 118 118 115 108 99 92 93 94 93 92 90 94 106 118 
123 115 99 90 88 92 96 97 98 102 108 115 121 124 125 125 124 125 127 129 130 129 128 127 127 127 127 127 127 127 127 127 127 127 127 126 125 125 125 125 125 126 128 128 128 127 125 122 125 125 125 125 125 123 123 123 121 121 121 121 121 121 121 121 121 121 121 121 121 121 122 122 123 123 123 123 123 123 123 123 122 121 121 121 120 119 119 118 118 118 117 117 116 115 115 114 116 118 118 117 113 106 98 93 93 95 95 92 91 94 104 114 
120 111 98 88 87 91 94 94 96 100 107 114 120 124 125 126 124 125 127 129 130 129 128 127 127 127 127 127 127 127 127 127 127 127 127 126 125 125 125 125 125 126 128 128 128 127 124 123 125 124 125 125 123 122 123 122 121 121 121 121 122 121 121 122 122 121 121 121 121 121 121 122 123 123 123 123 123 122 123 122 123 122 121 121 120 120 119 119 118 117 118 117 116 116 115 115 116 118 117 115 110 104 98 94 94 96 97 94 92 94 102 111 
119 109 97 89 88 91 93 93 94 99 105 113 120 124 125 126 125 125 127 129 130 129 128 127 127 128 128 128 128 128 128 128 127 127 127 126 125 125 125 125 125 126 128 128 128 127 124 123 125 125 124 123 123 123 122 122 121 121 121 121 121 121 121 121 121 121 121 121 121 121 121 121 123 124 124 124 124 124 124 124 122 123 122 122 121 120 120 120 118 118 117 118 117 116 116 116 117 117 117 113 110 103 98 94 95 98 99 96 93 94 101 108 
118 109 97 90 89 91 93 92 94 97 104 113 119 124 125 126 125 125 127 129 130 129 128 127 128 128 128 128 128 128 128 128 127 127 127 126 125 125 125 125 125 126 128 128 128 127 125 122 125 124 124 123 123 122 121 121 121 121 121 121 121 121 121 121 121 121 121 121 121 121 121 121 124 124 124 124 124 124 124 124 124 123 123 122 121 121 120 120 119 118 118 117 118 117 116 116 118 117 116 112 108 102 97 94 96 99 99 98 93 93 99 105 
118 109 98 91 90 92 93 92 93 97 104 112 119 124 125 126 125 125 127 129 130 129 128 127 128 129 129 129 129 129 129 129 127 127 127 126 125 125 125 125 125 126 128 128 128 127 125 122 124 124 124 123 122 122 121 121 122 121 121 121 122 122 122 121 121 122 121 121 121 121 121 121 124 125 125 125 125 125 125 125 124 124 123 123 122 121 121 120 119 119 118 118 118 117 117 116 118 118 115 111 107 101 97 94 96 99 100 98 94 94 98 104 
111 106 100 96 94 93 92 91 90 94 102 112 120 125 125 125 129 130 130 130 130 129 128 128 128 128 128 128 128 129 129 129 129 127 125 124 122 121 123 122 126 126 126 126 126 125 124 124 123 123 121 121 121 121 120 120 123 123 123 123 122 121 121 121 119 118 119 119 120 120 121 121 123 124 124 123 124 124 123 124 124 124 124 124 124 123 123 123 122 121 121 120 119 119 118 118 121 119 115 110 104 100 97 96 96 97 97 96 94 94 95 96 
109 105 101 97 94 93 92 92 91 94 101 110 117 122 125 126 130 131 131 130 129 129 128 128 128 128 128 129 129 130 130 129 129 128 125 123 122 122 122 124 126 126 126 125 125 124 124 124 123 122 121 121 120 120 119 119 123 123 123 122 121 121 120 120 118 118 119 119 120 121 121 121 123 124 124 124 124 124 124 124 124 124 124 124 124 124 124 124 123 122 121 121 120 119 119 119 122 120 116 109 104 99 98 96 96 96 96 95 94 94 94 94 
109 105 101 98 95 93 92 92 93 94 98 103 111 118 125 129 131 131 130 130 129 128 128 127 129 130 130 129 129 130 129 129 129 128 126 124 123 124 124 125 126 126 125 125 125 124 123 123 122 121 121 121 120 120 119 119 122 123 121 121 121 121 120 120 119 119 120 120 121 122 122 122 124 124 124 125 124 125 125 125 123 124 123 124 124 124 124 124 123 122 122 121 120 120 119 119 121 119 115 109 104 100 98 97 96 96 96 95 94 94 94 94 
109 105 102 98 95 94 93 93 94 95 96 99 105 115 124 131 131 130 130 129 129 128 127 127 130 131 131 130 130 129 129 129 129 127 125 124 124 124 125 126 126 125 125 125 125 124 123 123 122 122 121 121 120 120 119 119 121 122 122 121 121 120 119 119 120 120 121 121 121 123 123 124 125 125 125 125 125 125 125 125 124 124 124 124 124 124 123 124 123 123 122 122 121 120 120 120 121 118 114 109 104 100 99 98 96 96 96 95 94 94 94 94 
108 106 103 98 96 94 93 93 95 95 95 98 104 114 124 131 131 129 129 129 128 127 127 126 130 130 130 130 129 128 128 127 126 125 124 123 123 123 125 126 125 125 125 125 124 122 123 122 122 121 121 121 120 120 119 119 121 122 121 121 120 119 119 118 119 120 120 121 121 121 123 123 123 123 124 123 123 124 124 123 124 123 123 124 124 124 124 124 124 124 123 121 122 121 121 120 120 118 114 108 104 101 99 98 97 96 96 95 94 94 94 94 
108 107 103 99 96 94 94 94 94 95 97 101 108 117 125 130 129 129 128 128 127 127 126 126 129 130 129 128 126 125 125 124 123 122 121 120 120 122 124 125 125 125 124 124 123 123 122 122 122 121 121 121 120 120 119 119 121 121 121 120 120 119 118 118 118 118 119 119 120 121 121 121 122 122 122 122 122 122 122 122 123 124 124 124 124 124 124 124 124 124 124 123 121 122 121 121 119 116 113 108 104 102 101 99 97 96 96 95 94 94 93 94 
109 108 104 99 97 94 94 94 93 94 100 107 114 120 125 128 129 128 128 127 127 126 125 125 128 128 127 125 124 123 121 121 120 119 118 118 118 120 122 124 125 124 124 123 123 122 121 121 122 122 121 121 120 120 119 119 121 121 120 120 119 118 118 118 117 117 116 118 118 118 119 119 119 119 119 119 119 119 119 119 123 124 123 123 123 123 124 124 125 125 124 123 123 122 122 121 118 115 112 108 104 102 101 101 97 96 96 95 94 94 94 94 
109 107 104 101 97 95 94 94 90 93 102 111 119 123 125 125 128 128 128 127 126 126 125 125 126 126 125 124 122 120 120 118 118 121 117 116 118 118 121 123 124 124 124 123 122 122 121 121 122 121 121 121 120 120 119 119 121 120 120 119 118 118 118 118 115 115 115 116 117 117 117 117 118 118 118 118 118 118 118 118 122 124 124 124 124 124 124 124 125 124 124 123 123 121 121 121 118 115 112 108 104 102 102 101 97 96 96 95 94 94 94 94 
105 105 104 101 98 95 94 92 89 97 111 123 128 128 126 126 125 125 126 126 126 126 126 127 127 124 124 130 129 118 117 110 101 100 103 108 113 117 121 122 123 124 124 125 126 126 124 123 124 124 124 123 121 120 119 119 119 119 118 118 117 116 116 117 115 114 117 117 117 116 113 111 116 114 110 106 106 109 113 118 119 122 125 124 120 118 120 124 125 125 125 125 125 123 123 123 121 118 116 113 111 106 103 100 99 99 99 99 99 100 100 101 
105 105 103 102 99 96 94 92 91 101 116 128 131 129 128 128 124 124 124 125 125 125 125 126 127 122 123 132 130 120 108 103 97 98 103 108 113 117 120 119 123 124 125 127 127 126 125 124 125 125 124 123 121 121 120 119 118 118 118 118 116 116 116 116 115 116 117 117 117 114 110 108 106 103 99 95 95 97 100 104 114 117 121 122 118 117 119 123 123 124 124 124 123 123 123 123 122 121 120 117 114 110 105 102 100 101 101 102 102 102 103 103 
106 105 104 101 99 97 94 94 96 107 121 130 134 131 131 129 125 123 123 124 124 124 124 124 125 120 120 128 127 115 98 98 102 104 108 112 116 118 119 119 121 123 125 126 127 126 125 125 125 125 125 123 122 122 121 120 119 119 118 118 117 116 117 116 115 117 117 116 113 111 108 105 100 99 98 97 94 92 90 89 100 115 116 118 118 118 120 125 124 123 123 124 124 124 123 123 122 122 121 120 117 113 110 107 103 102 102 102 103 104 104 105 
108 105 104 101 99 98 97 96 103 114 126 135 137 134 132 132 125 123 123 122 122 122 122 122 124 118 118 125 124 107 94 93 107 112 115 117 119 119 118 118 121 122 124 126 127 127 126 125 126 127 126 125 124 123 121 121 119 119 119 118 118 117 117 117 117 118 116 115 112 110 107 106 106 107 111 112 110 102 94 89 91 98 116 115 118 118 121 125 124 123 123 123 123 123 123 123 122 122 123 122 120 117 113 111 106 105 105 106 106 107 108 108 
110 106 104 101 100 98 98 100 110 120 132 138 137 135 133 133 126 123 123 122 122 121 120 120 123 117 117 124 122 102 89 88 111 119 119 122 121 119 117 116 119 121 124 125 127 128 127 126 128 128 127 126 125 123 123 122 120 120 119 119 118 118 118 117 118 117 115 114 111 109 108 107 111 117 122 125 122 113 101 93 84 90 103 114 118 119 121 124 124 123 123 123 123 123 123 123 123 123 123 123 122 120 117 115 110 108 108 109 110 110 110 110 
111 108 104 101 99 100 101 103 115 125 135 140 138 134 133 133 127 125 124 124 122 121 120 120 123 117 117 123 123 101 86 84 112 121 122 123 122 120 117 116 118 121 123 126 128 128 128 127 129 129 128 127 126 125 124 123 121 120 120 119 119 118 117 117 118 117 115 113 111 110 112 111 113 116 121 124 120 111 99 90 80 85 101 113 119 120 122 124 123 122 122 122 122 122 122 122 121 121 123 124 123 121 120 118 112 110 111 111 112 113 113 113 
112 109 104 100 99 100 103 106 119 129 137 140 137 134 132 133 130 128 127 125 124 123 121 121 124 119 117 123 120 100 84 83 112 122 123 123 122 120 118 117 118 119 122 125 128 129 129 128 130 129 129 128 127 125 124 124 121 121 120 120 119 118 118 118 118 117 115 113 114 114 116 118 115 116 119 120 118 110 100 93 80 83 100 114 120 121 121 122 122 122 122 122 122 122 122 122 120 120 121 123 123 122 121 119 114 113 113 114 114 115 116 116 
113 109 105 100 99 100 104 107 121 131 138 141 137 133 132 131 129 129 128 126 125 124 122 122 125 120 118 123 118 99 84 82 112 121 122 123 122 122 118 117 118 119 122 125 127 129 129 129 129 130 130 129 127 126 125 125 122 121 121 120 119 119 118 118 117 116 115 114 114 117 119 122 122 123 125 125 122 115 107 102 79 82 101 116 122 122 121 121 121 121 121 121 121 121 121 121 119 119 121 122 122 121 121 120 116 115 115 116 116 117 118 118 
117 112 107 102 99 102 105 109 123 133 140 142 137 133 132 133 129 129 128 126 125 125 123 123 121 120 123 127 125 112 94 79 102 118 119 123 125 125 124 122 119 119 122 125 127 129 131 132 132 132 133 132 130 129 126 125 121 120 120 121 121 121 121 121 118 117 116 117 117 118 118 119 119 117 116 118 122 119 111 96 79 86 102 117 121 122 122 123 122 123 123 121 121 120 119 119 119 119 120 121 121 121 121 121 118 117 118 118 119 120 120 120 
118 113 108 102 100 102 105 109 123 133 140 141 138 133 131 133 129 128 127 126 125 125 123 123 120 120 123 127 126 118 101 86 100 108 114 119 123 123 121 119 119 121 123 125 127 130 132 133 133 133 134 133 132 129 126 125 122 121 121 121 121 121 121 121 119 118 118 118 118 118 119 118 123 123 123 127 130 123 108 88 83 92 107 118 123 123 124 125 124 123 123 121 120 119 118 118 119 119 120 120 121 121 121 121 119 119 119 120 120 121 122 122 
119 114 109 103 100 102 105 107 123 133 139 141 138 133 132 133 129 129 128 127 125 125 124 124 124 123 122 123 123 119 112 99 102 105 110 115 119 119 118 116 120 122 124 125 128 130 132 133 133 133 134 133 132 129 126 124 122 121 121 121 121 121 121 121 120 119 119 119 119 119 120 120 124 127 127 130 128 117 96 79 88 102 114 124 125 124 124 125 124 123 123 121 120 119 118 118 118 119 119 120 121 121 121 121 120 120 120 121 121 122 123 123 
121 116 110 104 101 102 105 107 122 132 137 141 137 133 132 134 131 129 129 127 126 125 125 124 127 125 122 120 122 122 117 112 107 107 110 115 118 118 118 117 121 123 125 127 129 130 132 134 133 133 134 133 132 129 126 124 123 123 122 122 122 121 121 121 120 120 120 120 120 120 120 120 118 118 116 114 110 101 88 78 99 112 122 127 127 124 124 125 123 123 122 121 120 118 118 116 118 118 119 119 120 121 121 121 121 121 121 122 122 123 124 123 
122 118 111 105 102 102 105 107 120 129 137 140 137 133 133 134 131 129 129 128 127 125 125 125 130 126 121 119 122 125 123 121 115 113 116 119 121 121 121 121 124 125 127 128 130 132 133 134 133 133 134 133 132 129 126 124 124 124 124 123 122 122 121 121 121 121 121 121 121 121 121 121 118 114 108 102 96 94 97 99 111 120 126 129 126 123 123 124 123 122 122 120 119 118 117 116 117 117 118 119 119 120 120 121 121 122 122 122 124 124 124 124 
122 119 113 106 102 102 104 107 119 128 135 138 136 133 133 134 132 131 130 129 127 126 125 125 130 127 121 120 123 127 126 123 121 121 121 123 125 126 127 127 127 128 129 129 130 132 133 134 133 133 134 133 132 129 126 124 125 126 125 124 122 122 121 120 121 121 121 121 122 121 121 121 122 121 116 110 104 107 116 127 122 123 128 127 123 121 121 124 123 121 121 120 118 117 116 116 117 117 117 118 119 119 120 120 121 122 123 124 124 125 125 125 
124 120 113 107 102 102 104 106 118 127 134 138 136 133 133 135 133 131 130 129 128 127 126 125 128 125 122 123 126 128 126 122 123 123 124 123 124 126 127 128 129 129 131 131 133 133 134 134 133 133 134 133 132 129 126 124 126 127 126 124 123 121 121 120 121 122 123 122 122 123 122 123 123 127 129 127 121 119 125 134 125 124 126 124 120 118 119 124 122 121 120 119 118 116 116 114 116 116 117 117 118 119 119 120 122 123 124 125 125 126 126 127 
124 121 113 107 103 102 104 106 117 126 133 137 136 133 133 135 133 131 131 129 128 127 126 125 126 125 123 125 128 130 125 119 121 122 121 121 122 123 125 126 129 130 131 132 132 133 134 134 133 133 134 133 132 129 126 124 127 128 126 125 123 122 121 120 122 123 123 123 123 123 124 123 116 122 135 138 131 121 118 120 121 123 125 122 117 115 118 123 122 120 120 118 117 116 116 114 116 116 117 117 118 119 119 119 122 124 124 125 126 126 127 127 
124 123 119 111 103 99 101 105 114 124 134 140 140 135 133 133 131 129 130 129 129 129 128 128 127 126 126 126 126 126 125 122 121 121 121 121 121 122 123 124 127 129 130 133 135 135 135 135 132 130 129 129 129 127 126 125 128 128 127 125 124 122 121 120 119 119 120 121 123 123 124 125 122 124 128 129 126 123 121 121 121 122 122 120 118 118 118 119 120 119 119 118 116 116 114 113 116 116 116 115 117 117 119 120 122 123 124 124 125 125 126 125 
124 124 121 113 103 99 100 105 113 123 133 140 140 135 133 133 129 128 128 128 128 128 128 128 127 127 127 126 125 125 125 125 122 121 121 122 122 124 124 124 126 129 130 133 136 136 135 135 131 129 128 128 127 126 126 125 128 128 126 125 124 123 121 120 118 118 119 121 122 123 124 125 125 125 124 124 124 123 123 123 122 121 120 120 119 118 118 118 118 118 118 117 116 114 114 113 116 116 115 114 115 117 119 121 122 123 124 125 125 125 125 126 
125 125 123 114 105 101 101 105 112 121 132 140 138 135 133 133 129 128 128 128 128 128 128 128 127 127 127 126 125 125 125 124 122 121 123 123 124 124 124 125 126 129 130 133 135 135 135 134 129 128 128 127 127 126 125 125 126 126 126 125 124 122 121 120 118 119 120 121 122 123 124 124 125 125 124 124 124 123 121 122 121 120 120 119 119 118 118 118 117 117 117 116 116 114 114 113 116 116 115 114 115 117 119 121 122 123 124 125 125 125 126 126 
125 126 124 118 108 103 103 107 111 119 131 138 138 134 133 132 129 127 127 127 127 127 127 127 127 127 127 126 125 125 124 125 122 122 123 124 124 125 125 125 127 129 130 133 134 134 133 132 129 128 127 127 126 125 125 125 126 126 125 125 123 122 121 121 119 120 120 121 121 122 123 124 124 124 124 124 122 123 122 121 121 120 119 119 118 118 118 117 116 116 116 116 116 114 114 114 116 116 115 115 115 117 119 121 122 123 124 125 125 125 125 126 
126 127 126 121 111 105 104 108 110 117 129 137 137 133 132 132 129 127 127 127 127 127 127 127 127 127 127 126 125 125 125 125 123 124 124 124 125 126 126 127 128 129 130 133 133 133 132 131 128 127 127 127 125 125 125 125 125 124 124 123 123 122 122 121 121 121 121 121 121 121 122 122 123 123 124 122 123 122 121 121 120 119 119 118 118 117 116 117 114 114 114 114 114 114 114 116 116 116 115 115 115 117 119 121 122 123 124 125 125 125 126 125 
126 127 127 123 114 107 105 107 108 116 127 135 136 133 132 133 128 126 126 126 126 126 126 126 127 127 127 126 125 125 125 125 124 125 125 126 127 127 128 128 129 130 131 132 133 133 131 130 128 126 127 127 127 125 124 124 123 123 122 122 122 122 122 122 121 121 121 121 121 121 121 121 123 123 122 123 122 121 121 120 119 119 118 118 118 117 117 116 114 113 113 114 114 114 115 116 117 116 115 114 115 117 119 121 122 123 124 125 125 125 125 126 
127 127 127 125 116 109 107 108 106 114 125 133 135 133 132 132 128 126 126 126 126 126 126 126 127 127 127 126 125 125 125 125 125 126 126 127 128 128 129 129 129 130 131 133 132 131 129 128 127 126 125 125 125 124 124 124 122 121 122 121 122 122 122 122 122 122 121 121 122 121 121 121 122 122 122 121 121 121 120 120 119 118 118 118 117 116 116 116 113 112 112 113 114 114 116 116 117 116 115 114 115 117 119 121 122 123 124 125 125 125 126 125 
127 127 127 126 119 111 107 110 105 112 125 132 134 133 130 131 127 125 125 125 125 125 125 125 127 127 127 126 125 125 125 125 126 126 127 128 128 129 129 129 129 130 131 132 131 131 129 127 126 126 125 125 125 124 124 123 122 121 120 121 122 122 121 122 122 122 122 121 121 121 121 120 121 122 121 121 121 120 120 120 119 118 118 117 117 116 116 115 112 111 112 113 114 114 116 116 117 116 115 114 115 117 119 121 122 123 124 125 125 125 125 126 
127 127 127 127 124 118 112 108 108 112 120 130 137 137 131 125 124 125 125 125 125 125 125 125 124 125 126 127 128 128 127 127 129 131 129 130 130 129 129 129 129 129 129 129 128 127 126 126 125 125 125 125 125 125 125 125 124 123 123 123 123 122 121 121 121 121 121 121 121 121 121 121 121 121 121 121 120 119 119 119 118 118 118 117 117 117 115 115 114 114 114 114 114 114 114 114 116 115 116 116 117 117 118 119 118 118 121 123 125 126 127 127 
126 127 127 127 126 121 114 110 109 111 118 128 137 138 132 123 123 124 124 124 124 124 124 124 124 125 127 129 130 130 130 129 131 131 130 129 129 129 128 128 128 128 127 127 126 125 125 125 124 124 124 124 124 124 124 124 125 124 124 122 122 122 121 121 121 121 121 121 121 121 121 122 121 121 120 120 119 118 118 118 118 118 117 117 117 115 115 115 115 115 115 115 115 114 114 114 115 116 116 116 117 118 118 118 116 117 121 123 126 127 127 127 
125 127 127 127 126 122 117 113 110 111 117 125 134 136 130 123 124 125 125 125 125 125 125 125 125 127 130 132 131 133 131 130 131 131 129 129 129 129 128 127 127 127 127 126 126 125 125 125 124 123 123 123 124 124 124 124 125 124 124 122 122 122 121 121 121 121 121 121 121 121 121 121 121 121 120 120 119 118 118 118 116 116 116 116 114 114 114 113 115 115 114 115 114 114 114 114 115 116 116 116 117 118 118 118 117 118 121 124 126 127 127 126 
126 127 127 127 126 124 121 117 112 111 115 121 131 133 130 124 124 125 125 125 125 125 125 125 128 130 132 133 134 133 132 130 129 129 129 129 128 127 127 126 126 126 125 125 124 124 123 123 122 122 122 122 122 123 123 123 125 124 124 122 122 122 121 121 121 121 121 121 121 121 121 121 121 121 120 120 119 118 118 118 116 115 113 113 113 113 112 112 114 114 114 114 114 114 114 114 115 116 116 116 117 118 118 118 118 120 122 124 127 127 127 126 
126 126 127 127 125 125 124 121 114 112 114 119 127 131 130 125 125 125 125 125 125 125 125 125 130 132 133 134 135 133 132 130 129 128 128 127 127 126 125 125 125 124 124 124 123 122 122 121 122 123 122 122 123 123 123 123 125 124 124 122 122 122 121 121 120 120 120 120 120 120 120 120 121 121 120 120 119 118 118 118 115 113 113 113 113 112 111 111 114 115 115 115 115 114 114 114 115 115 116 116 117 118 118 118 120 121 123 126 127 127 126 126 
126 126 127 127 127 127 126 124 118 113 113 118 125 132 132 128 126 125 125 125 125 125 125 125 130 133 134 134 134 133 131 130 128 127 127 126 125 125 124 125 124 124 124 122 122 122 121 121 122 122 122 122 122 122 122 122 124 124 124 123 123 122 121 121 120 120 120 120 120 120 120 120 121 121 120 120 119 118 118 118 116 115 114 114 114 113 113 113 114 115 115 115 115 114 114 114 115 116 116 116 117 118 118 118 121 122 124 126 127 127 126 125 
126 126 126 126 127 127 127 127 123 116 114 118 125 132 133 132 127 126 126 126 126 126 126 126 130 133 133 133 133 132 129 127 126 126 126 125 124 124 124 124 123 123 123 122 122 121 120 120 121 121 121 121 121 121 122 122 124 124 124 122 123 122 121 121 120 119 119 119 119 119 119 119 121 121 120 120 119 118 118 118 118 117 116 116 116 115 115 114 114 114 115 115 114 114 114 114 115 116 116 116 117 118 118 118 121 123 125 127 127 127 126 125 
127 126 126 126 127 127 128 127 126 119 115 118 125 133 135 134 128 126 126 126 126 126 126 126 130 132 133 132 132 130 128 126 125 125 125 125 124 124 122 122 123 122 122 121 121 120 119 119 121 121 121 121 121 121 121 121 124 124 124 123 123 122 121 121 120 119 119 119 119 119 119 119 121 121 120 120 119 118 118 118 118 118 118 117 117 117 116 116 115 115 115 115 115 115 114 114 115 116 116 116 117 118 118 118 123 125 126 127 127 127 126 125 
127 127 127 127 127 127 127 127 127 125 121 121 123 128 133 136 131 129 128 128 128 127 127 127 130 132 132 132 131 128 125 124 124 124 124 123 122 122 121 121 120 120 120 120 119 119 119 119 121 121 121 121 121 121 121 121 122 123 123 122 122 122 122 122 121 121 121 120 119 119 118 118 118 118 118 118 118 118 117 117 116 114 114 115 115 115 115 115 114 114 114 114 114 114 114 114 114 114 113 114 115 118 121 124 126 126 127 127 127 127 127 126 
127 127 127 127 127 127 127 127 128 125 123 122 123 126 132 135 131 130 129 129 128 127 127 127 130 131 132 132 131 128 125 124 123 123 123 122 121 121 120 120 119 119 119 119 119 119 119 119 121 121 121 121 121 121 121 121 122 122 122 122 122 121 122 122 121 121 120 120 119 118 118 118 118 118 118 117 117 118 118 117 114 114 114 114 114 114 114 114 114 114 114 114 114 114 114 114 113 113 112 113 115 119 123 127 127 127 127 127 127 127 127 127 
127 127 127 127 127 127 127 127 127 127 124 122 123 126 131 134 131 130 129 129 128 127 127 127 129 130 131 131 129 128 125 124 123 123 122 122 121 121 120 120 120 120 120 120 120 120 120 120 121 121 121 121 121 121 121 121 121 121 121 121 121 121 121 121 121 120 120 119 119 118 118 118 118 116 117 117 117 116 116 117 115 114 114 114 114 114 114 114 114 114 114 114 114 114 114 114 113 112 113 114 117 121 125 127 127 127 127 127 127 127 127 127 
127 127 127 127 127 127 127 127 128 127 124 124 124 126 130 132 131 130 129 129 128 127 127 127 127 128 130 130 129 128 125 124 122 123 122 122 121 121 120 120 120 120 120 120 120 120 120 120 121 121 121 121 121 121 121 121 121 121 121 121 121 121 121 121 120 120 119 119 118 118 118 118 117 117 116 116 117 116 116 116 115 114 114 114 114 114 114 114 114 114 114 114 114 114 114 114 112 112 114 117 120 125 127 127 127 127 127 127 127 127 127 127 
127 127 127 127 127 127 127 127 127 127 126 125 125 127 129 130 130 130 129 129 128 127 127 127 126 127 128 129 129 128 125 124 123 123 123 122 121 121 120 120 121 121 121 121 121 121 121 121 121 121 121 121 121 121 121 121 120 120 120 120 120 120 120 120 120 120 119 118 118 118 117 117 117 116 116 116 116 116 116 115 114 114 114 114 114 114 114 114 114 114 114 114 114 114 114 114 113 114 116 120 123 126 127 127 127 127 127 127 127 127 127 127 
127 127 127 127 127 127 127 127 127 127 127 127 127 127 127 128 129 130 129 129 128 127 127 127 125 125 127 128 128 127 126 125 123 123 123 122 121 121 120 120 121 121 121 121 121 121 121 121 121 121 121 121 121 121 121 121 120 120 120 120 120 120 120 120 119 119 118 118 118 117 117 116 116 115 116 116 116 116 116 115 114 114 114 114 114 114 114 114 114 114 114 114 114 114 114 114 116 117 120 123 126 127 127 127 127 127 127 127 127 127 127 127 
127 127 127 127 127 127 127 127 127 127 127 127 128 127 126 126 129 130 129 129 128 127 127 127 125 125 126 128 128 127 126 125 124 123 122 122 121 121 120 120 121 122 122 122 121 122 122 122 121 121 121 121 121 121 121 121 120 119 119 119 119 119 119 119 119 118 118 118 117 117 116 116 115 115 115 115 115 115 115 115 114 114 114 114 114 114 114 114 114 114 114 114 114 114 114 114 118 121 124 126 127 127 127 126 127 127 127 127 127 127 127 127 
127 127 127 127 127 127 127 127 127 127 127 127 127 127 126 125 129 130 129 129 128 127 127 127 124 124 125 127 128 127 126 125 124 123 123 122 121 121 120 120 122 122 122 121 121 121 122 121 121 121 121 121 121 121 121 121 120 119 119 119 119 119 119 119 118 118 118 118 117 116 116 116 115 115 115 115 115 115 115 115 114 114 114 114 114 114 114 114 114 114 114 114 114 114 114 114 120 123 126 127 127 127 126 124 126 127 127 127 127 127 127 127 
127 127 127 127 127 127 127 127 127 127 127 127 127 127 127 126 127 128 128 128 127 127 127 127 126 125 126 126 126 126 126 126 125 125 125 125 124 124 123 123 122 122 122 122 122 122 122 122 121 121 121 120 120 120 119 119 120 120 120 119 119 118 118 118 117 117 117 117 116 116 116 116 114 113 113 114 114 115 115 114 113 113 113 113 114 115 115 115 118 118 116 114 114 115 117 118 125 126 127 127 127 127 127 126 127 127 127 127 127 127 127 127 
127 127 127 127 127 127 127 127 127 127 127 127 127 127 127 127 127 127 127 127 127 127 127 127 126 126 126 126 126 126 126 126 126 126 125 125 125 125 124 124 123 122 122 122 122 122 122 122 121 121 120 120 119 118 118 118 120 120 119 119 118 118 117 117 116 115 115 114 115 115 114 115 113 112 113 113 114 115 114 116 113 112 113 113 114 115 115 116 118 118 117 115 115 117 119 122 125 127 127 127 127 127 127 127 127 127 127 127 127 127 127 127 
127 127 127 127 127 127 127 127 127 127 127 127 127 127 127 127 127 127 127 127 127 127 127 127 126 126 126 126 126 126 126 126 126 126 125 125 125 125 124 124 123 122 122 122 122 122 122 122 121 120 120 119 119 118 118 118 119 119 119 118 118 118 117 117 116 115 115 115 115 115 115 115 113 113 113 114 115 115 116 116 114 113 113 114 115 115 116 116 117 117 116 116 118 119 122 125 126 127 127 127 127 127 127 127 127 127 127 127 127 127 127 127 
127 127 127 127 127 127 127 127 127 127 127 127 127 127 127 127 127 127 127 127 127 127 127 127 126 126 126 126 126 126 126 126 126 126 125 125 125 125 124 124 123 122 122 122 122 122 122 122 121 120 119 119 118 118 118 118 118 118 118 117 117 117 116 116 115 114 114 114 114 114 114 114 113 113 114 115 115 116 116 117 114 113 114 115 115 116 116 116 116 116 117 118 120 123 125 127 127 127 127 127 127 127 127 127 127 127 127 127 127 127 127 127 
127 127 127 127 127 127 127 127 127 127 127 127 127 127 127 127 127 127 127 127 127 127 127 127 126 126 126 126 126 126 126 126 126 126 125 125 125 125 124 124 123 122 122 122 122 122 122 122 120 119 119 118 118 118 117 117 118 117 117 116 116 115 115 114 114 114 114 114 114 114 114 114 114 114 115 115 115 117 116 117 115 114 115 114 116 117 117 117 116 117 118 121 123 125 127 127 127 127 127 127 127 127 127 127 127 127 127 127 127 127 127 127 
127 127 127 127 127 127 127 127 127 127 127 127 127 127 127 127 127 127 127 127 127 127 126 127 126 126 126 126 126 126 126 126 126 126 125 125 125 125 124 124 123 122 122 122 122 122 122 122 120 119 118 118 118 117 116 116 116 116 116 116 115 114 114 113 113 113 113 113 113 113 113 113 114 115 115 116 117 117 117 117 115 115 115 116 117 116 118 118 118 119 121 123 126 127 127 127 127 127 127 127 127 127 127 127 127 127 127 127 127 127 127 127 
127 127 127 127 127 127 127 127 127 127 127 127 127 127 127 127 127 127 127 127 127 127 127 127 126 126 126 126 126 126 126 126 126 126 125 125 125 125 124 124 123 122 122 122 122 122 122 122 119 118 118 118 117 117 116 116 115 115 114 115 113 113 113 112 113 113 113 113 113 113 113 113 114 115 116 116 117 117 117 117 116 115 116 116 117 118 118 118 119 122 124 126 127 127 127 125 126 127 127 127 127 127 127 127 127 127 127 127 127 127 127 127 
127 127 127 127 127 127 127 127 127 127 127 127 127 127 127 127 127 127 127 127 127 127 127 127 126 126 126 126 126 126 126 126 126 126 125 125 125 125 124 124 123 122 122 122 122 122 122 122 119 118 117 117 117 116 116 116 115 115 114 114 113 112 112 111 112 112 112 112 112 112 112 112 114 115 116 117 117 118 118 118 116 115 116 117 117 118 118 118 122 124 127 129 127 127 125 123 126 127 127 127 127 127 127 127 127 127 127 127 127 127 127 127 
127 127 127 127 127 127 127 127 127 127 127 127 127 127 127 127 127 127 127 127 127 127 127 127 127 127 126 127 127 127 127 127 125 125 125 125 124 124 124 124 125 125 124 124 124 123 123 122 119 118 118 118 116 116 116 116 116 116 116 115 114 115 115 115 114 114 114 114 114 113 113 113 114 115 116 116 117 118 118 118 117 116 116 118 119 121 122 123 125 126 127 127 127 127 126 126 127 127 127 127 127 127 127 127 127 127 127 127 127 127 127 127 
127 127 127 127 127 127 127 127 127 127 127 127 127 127 127 127 127 127 127 127 127 127 127 127 127 127 127 126 127 127 127 127 125 124 124 124 124 124 124 124 124 125 124 124 123 122 122 121 119 118 118 118 116 116 116 116 115 114 115 115 114 115 115 115 115 114 114 114 113 113 112 112 114 115 116 116 117 118 118 117 118 118 118 120 121 123 124 125 126 127 127 127 127 127 127 127 127 127 127 127 127 127 127 127 127 127 127 127 127 127 127 127 
127 127 127 127 127 127 127 127 127 127 127 127 127 127 127 127 127 127 127 127 127 127 127 127 127 127 127 127 127 127 127 127 125 125 125 125 125 125 125 125 124 123 123 122 121 121 120 120 118 118 118 118 117 116 116 116 114 114 114 114 114 114 114 114 113 113 113 112 112 112 112 112 114 115 116 116 116 118 118 117 119 120 121 122 123 125 125 126 127 127 127 127 127 127 127 127 127 127 127 127 127 127 127 127 127 127 127 127 127 127 127 127 
127 127 127 127 127 127 127 127 127 127 127 127 127 127 127 127 127 127 127 127 127 127 127 127 127 127 127 127 126 127 127 127 125 125 125 125 125 125 125 125 122 121 121 120 120 119 118 118 118 118 118 118 116 116 116 116 114 113 113 113 113 113 113 113 112 111 112 112 113 113 113 113 115 116 117 117 118 118 118 118 122 123 125 125 125 126 127 128 127 127 127 127 127 127 127 127 127 127 127 127 127 127 127 127 127 127 127 127 127 127 127 127 
127 127 127 127 127 127 127 127 127 127 127 127 127 127 127 127 127 127 127 127 127 127 127 127 127 127 127 127 127 127 127 127 125 125 125 125 125 125 125 125 122 121 120 120 119 118 118 118 118 118 118 118 116 116 116 116 114 113 113 113 113 113 113 113 112 112 112 113 114 114 115 115 118 118 118 118 119 120 120 120 124 126 126 127 127 127 127 127 127 127 127 127 127 127 127 127 127 127 127 127 127 127 127 127 127 127 127 127 127 127 127 127 
127 127 127 127 127 127 127 127 127 127 127 127 127 127 127 127 127 127 127 127 127 127 127 127 127 127 127 127 127 127 127 127 126 125 125 125 125 125 125 125 123 122 122 121 120 120 119 119 118 118 118 118 117 117 116 116 115 115 115 115 115 115 115 115 113 113 113 115 116 117 118 118 120 121 121 121 122 123 123 123 126 127 127 127 127 127 127 127 127 127 127 127 127 127 127 127 127 127 127 127 127 127 127 127 127 127 127 127 127 127 127 127 
127 127 127 127 127 127 127 127 127 127 127 127 127 127 127 127 127 127 127 127 127 127 127 127 127 127 127 127 127 127 127 127 126 125 126 126 126 125 125 126 124 124 124 123 122 122 121 121 119 118 118 118 117 117 116 116 117 117 117 117 117 117 117 117 115 115 116 117 118 120 121 122 123 125 124 125 126 126 127 127 127 127 127 127 126 126 126 126 127 127 127 127 127 127 127 127 127 127 127 127 127 127 127 127 127 127 127 127 127 127 127 127 
127 127 127 127 127 127 127 127 127 127 127 127 127 127 127 127 127 127 127 127 127 127 127 127 127 127 127 127 127 127 127 127 125 126 126 126 126 126 126 126 125 125 124 123 123 123 123 122 119 119 118 118 117 117 116 116 118 118 118 118 119 118 118 118 117 116 117 118 120 122 123 123 126 127 127 126 128 127 127 128 127 127 126 126 126 125 125 125 126 127 127 127 127 127 127 127 127 127 127 127 127 127 127 127 127 127 127 127 127 127 127 127 
