128 128 128 128 128 128 128 128 128 128 128 128 128 128 128 128 128 128 128 128 128 128 128 128 128 128 128 128 128 128 129 129 129 128 128 129 128 128 127 127 128 129 129 128 129 130 129 131 132 136 136 137 138 138 139 139 140 140 140 140 140 140 140 135 132 130 131 130 129 131 130 129 128 128 128 128 129 128 128 128 128 127 127 126 126 126 126 126 127 128 128 128 128 128 128 128 128 128 128 128 128 128 128 128 128 128 128 128 128 128 128 128 
128 128 128 128 128 128 128 128 128 128 128 128 128 128 128 128 128 128 128 128 128 128 128 128 128 128 128 128 128 128 128 128 128 127 128 128 128 127 128 128 131 130 129 131 134 134 134 136 136 136 136 137 138 138 139 139 140 140 140 140 140 140 140 140 136 136 136 137 135 134 130 128 127 128 128 128 128 128 128 128 128 128 128 127 127 127 127 126 127 128 128 128 128 128 128 128 128 128 128 128 128 128 128 128 128 128 128 128 128 128 128 128 
128 128 128 128 128 128 128 128 128 128 128 128 128 128 128 128 128 128 128 128 128 128 128 128 128 128 128 128 128 127 127 127 125 125 126 127 128 128 130 131 136 138 138 138 137 137 137 137 136 136 136 137 138 138 139 139 140 140 140 140 140 140 140 140 137 137 138 139 138 135 133 131 128 127 127 127 127 128 127 128 128 128 128 128 128 128 128 128 128 128 128 128 128 128 128 128 128 128 128 128 128 128 128 128 128 128 128 128 128 128 128 128 
128 128 128 128 128 128 128 128 128 128 128 128 128 128 128 128 128 128 128 128 128 128 128 128 128 128 128 127 127 126 126 126 126 126 128 129 129 136 139 140 143 144 143 142 141 141 140 139 137 136 136 137 138 138 139 139 140 140 140 140 140 140 140 140 139 139 140 141 140 137 135 133 128 127 127 126 126 126 126 126 128 128 128 128 128 128 128 128 128 128 128 128 128 128 128 128 128 128 128 128 128 128 128 128 128 128 128 128 128 128 128 128 
128 128 128 128 128 128 128 128 128 128 128 128 128 128 128 128 128 128 128 128 128 128 128 128 128 128 128 128 127 127 126 127 128 130 135 138 141 144 146 147 147 147 146 145 144 142 141 141 137 136 136 137 138 138 139 139 140 140 140 140 140 140 140 140 140 141 141 141 140 138 136 134 128 127 126 126 125 124 124 124 126 127 127 128 128 128 129 130 128 128 128 128 128 128 128 128 128 128 128 128 128 128 128 128 128 128 128 128 128 128 128 128 
128 128 128 128 128 128 128 128 128 128 128 128 128 128 128 128 128 128 128 128 128 128 128 128 128 127 128 128 128 128 129 129 138 142 143 144 146 147 149 149 147 146 145 144 144 143 142 142 138 136 136 137 138 138 139 139 140 140 140 140 140 140 140 140 139 140 140 141 140 138 136 134 128 127 125 125 124 123 122 121 123 126 126 126 127 128 129 128 128 128 128 128 128 128 128 128 128 128 128 128 128 128 128 128 128 128 128 128 128 128 128 128 
128 128 128 128 128 128 128 128 128 128 128 128 128 128 128 128 128 128 128 128 128 128 128 128 127 127 128 128 128 129 134 134 143 146 146 145 144 144 143 142 142 141 141 142 143 143 143 143 138 136 136 137 138 138 139 139 140 140 140 140 140 140 140 140 139 139 139 140 139 137 134 133 128 126 126 124 123 121 121 119 121 122 123 125 126 127 128 128 128 128 128 128 128 128 128 128 128 128 128 128 128 128 128 128 128 128 128 128 128 128 128 128 
128 128 128 128 128 128 128 128 128 128 128 128 128 128 128 128 128 128 128 128 128 128 128 128 126 126 128 128 133 135 137 139 146 147 145 143 141 138 136 134 137 136 135 137 138 141 142 143 138 136 136 137 138 138 139 139 140 140 140 140 140 140 140 140 138 137 138 138 138 136 134 132 128 125 125 124 122 120 119 119 119 120 120 122 124 125 127 127 128 128 128 128 128 128 128 128 128 128 128 128 128 128 128 128 128 128 128 128 128 128 128 128 
128 128 128 128 128 128 128 128 128 128 128 128 128 128 128 128 128 128 128 128 128 128 128 127 128 129 128 130 132 135 139 141 145 145 143 140 136 136 134 132 134 135 134 134 130 136 137 137 136 138 141 140 137 134 134 137 139 140 140 140 140 140 140 140 138 138 139 139 137 135 132 130 127 125 125 123 123 121 120 120 120 120 120 120 120 120 121 123 127 129 128 128 128 128 128 128 128 128 128 128 128 128 128 128 128 128 128 128 128 128 128 128 
128 128 128 128 128 128 128 128 128 128 128 128 128 128 128 128 128 128 128 128 128 128 128 128 129 129 128 129 131 134 138 141 144 144 142 138 136 136 134 134 134 134 134 134 132 136 133 136 134 139 142 141 137 134 134 136 139 140 140 140 140 140 140 140 139 139 140 139 138 136 132 130 127 126 125 123 122 121 121 119 119 120 120 120 119 119 120 120 126 128 128 128 128 128 128 128 128 128 128 128 128 128 128 128 128 128 128 128 128 128 128 128 
128 128 128 128 128 128 128 128 128 128 128 128 128 128 128 128 128 128 128 128 128 128 127 127 127 128 127 128 130 134 137 139 143 140 139 137 136 136 134 134 134 134 134 134 133 134 134 134 134 138 143 142 138 134 134 136 139 140 140 140 140 140 140 140 139 140 140 140 138 136 132 130 127 125 125 124 123 121 121 121 119 120 120 120 119 120 120 120 123 126 125 126 126 127 127 128 128 128 128 128 128 128 128 128 128 128 128 128 128 128 128 128 
128 128 128 128 128 128 128 128 128 128 128 128 128 128 128 128 128 128 128 128 128 128 127 127 127 125 127 128 131 134 136 138 140 139 139 137 136 136 134 134 134 134 134 134 135 133 134 134 134 137 143 144 140 136 136 138 140 140 140 140 140 140 140 140 140 140 140 140 139 136 134 131 128 127 126 125 123 123 121 121 119 120 120 120 120 119 120 120 121 123 123 124 125 126 126 126 128 128 128 128 128 128 128 128 128 128 128 128 128 128 128 128 
128 128 128 128 128 128 128 128 128 128 128 128 128 128 128 128 128 128 128 128 128 128 128 128 127 128 129 131 134 136 137 138 138 138 137 137 136 136 134 134 134 134 134 134 134 134 134 134 133 139 145 148 145 141 139 140 140 140 140 140 140 140 140 140 141 140 140 141 139 137 134 131 128 127 127 125 124 123 122 121 119 119 119 119 120 120 120 120 120 120 121 122 125 126 126 127 128 128 128 128 128 128 128 128 128 128 128 128 128 128 128 128 
128 128 128 128 128 128 128 128 128 128 128 128 128 128 128 128 128 128 128 127 128 128 128 128 129 131 134 136 139 141 141 141 138 137 137 137 136 135 135 135 134 134 134 134 134 134 134 134 134 141 148 152 150 146 143 144 141 140 140 140 140 140 140 140 141 141 141 141 140 137 134 132 129 127 127 126 125 123 122 122 120 119 119 119 120 119 119 119 119 119 121 122 124 126 127 128 128 128 128 128 128 128 128 128 128 128 128 128 128 128 128 128 
128 128 128 128 128 128 128 128 128 128 128 128 128 128 128 128 128 128 128 128 127 127 128 127 132 136 139 143 145 146 146 140 138 137 136 136 136 136 135 135 134 132 132 132 133 132 132 132 135 143 152 156 155 150 147 149 141 140 140 140 140 140 140 140 141 141 142 141 140 138 134 133 129 128 128 126 125 124 123 123 120 120 120 119 120 120 119 119 120 120 121 123 125 127 128 129 128 128 128 128 128 128 128 128 128 128 128 128 128 128 128 128 
128 128 128 128 128 128 128 128 128 128 128 128 128 128 128 128 128 128 128 128 127 128 127 128 134 139 143 147 149 150 149 141 138 136 136 136 135 135 135 134 134 132 133 132 133 133 133 132 136 145 154 160 158 153 151 150 143 140 140 140 140 140 140 140 141 141 142 141 140 138 135 133 129 128 127 127 125 124 123 123 121 119 119 119 120 120 120 119 120 121 122 124 125 128 130 131 128 128 128 128 128 128 128 128 128 128 128 128 128 128 128 128 
128 128 128 128 128 128 128 128 128 128 128 128 128 128 128 128 128 129 130 132 132 134 135 136 140 144 147 151 154 154 152 150 140 136 133 134 134 134 135 134 134 134 133 133 131 131 132 133 132 146 152 156 157 155 153 150 147 145 143 140 140 139 139 139 141 140 141 141 140 139 137 136 133 130 130 129 128 127 126 125 123 123 123 123 123 123 123 123 124 126 127 128 131 133 134 135 129 128 126 126 125 126 127 128 128 128 128 128 128 128 128 128 
128 128 128 128 128 128 128 128 128 128 128 128 128 128 128 128 130 131 132 134 134 136 137 138 143 147 150 154 156 156 154 152 135 137 135 133 133 132 134 134 133 133 132 132 131 131 132 133 135 146 150 154 156 156 152 150 149 147 144 141 140 138 139 139 141 140 141 140 139 139 138 138 134 132 131 130 128 127 127 126 125 125 125 125 125 125 125 125 127 128 129 130 132 134 134 134 131 128 127 124 125 126 127 128 128 128 128 128 128 128 128 128 
128 128 128 128 128 128 128 128 128 128 128 128 128 129 129 130 131 132 132 134 134 136 136 137 144 149 152 156 159 159 157 155 137 135 135 133 132 131 132 133 132 132 131 130 129 130 132 133 139 145 149 153 155 154 152 150 148 147 144 141 140 138 139 139 141 141 140 140 139 139 138 138 134 133 132 131 130 128 127 127 127 127 127 127 127 127 127 127 130 131 131 132 132 132 132 133 132 130 128 127 126 126 128 128 128 128 128 128 128 128 128 128 
128 128 128 128 128 128 128 128 127 128 128 128 128 130 131 132 132 133 133 134 134 135 135 136 144 149 153 158 160 160 159 158 144 137 134 134 131 130 130 131 131 131 130 129 129 130 132 133 141 145 147 151 152 152 151 149 149 147 144 141 140 138 139 139 140 141 140 140 139 139 138 138 135 134 134 133 132 130 129 129 128 128 128 128 128 128 128 128 132 134 134 132 132 132 131 131 132 132 131 129 128 128 128 128 128 128 128 128 128 128 128 128 
128 128 128 128 128 128 128 128 127 127 128 128 130 132 132 132 133 134 134 134 135 135 134 136 142 148 152 156 160 160 160 158 147 141 132 132 132 130 129 130 131 131 129 129 129 131 133 135 141 144 147 148 150 150 150 149 149 148 144 141 140 138 139 139 140 141 140 140 139 139 138 138 137 136 136 135 134 132 131 131 130 130 130 130 130 130 130 130 134 134 134 134 132 132 132 132 134 134 134 133 128 128 128 128 128 128 128 128 128 128 128 128 
128 128 128 128 128 128 128 128 127 127 128 129 131 132 134 134 135 135 134 134 134 134 134 134 139 143 149 154 157 158 158 156 149 146 140 135 132 131 130 129 130 130 130 130 130 133 135 137 141 144 145 146 148 149 149 149 149 148 144 141 140 138 139 139 140 141 141 140 139 139 138 138 138 138 137 136 134 134 132 133 133 132 133 132 132 133 132 133 134 134 134 134 134 134 134 134 136 136 136 136 134 129 128 127 128 128 128 128 128 128 128 128 
128 128 128 128 128 128 128 128 127 127 127 129 131 133 134 136 135 135 134 134 134 134 134 134 136 139 144 149 153 154 154 153 152 149 145 139 133 132 131 130 130 130 131 131 133 135 138 140 142 143 144 144 146 147 149 149 149 147 144 141 140 138 139 139 141 141 140 140 139 139 138 138 139 140 139 137 136 135 134 134 133 134 134 135 134 134 134 134 132 132 132 134 135 135 136 136 137 137 138 138 136 134 130 128 128 128 128 128 128 128 128 128 
128 128 128 128 128 128 128 128 127 127 128 129 132 134 136 137 136 136 135 134 134 134 133 133 132 136 141 146 150 152 151 150 151 148 144 141 137 135 133 132 133 133 134 134 134 137 139 140 141 141 142 143 145 146 149 149 149 148 144 141 140 138 139 139 140 141 141 140 139 139 138 138 140 140 139 138 137 135 134 134 136 135 136 135 135 135 135 136 132 130 132 134 134 136 138 138 138 139 140 140 137 135 128 128 128 128 128 128 128 128 128 128 
127 127 127 128 128 128 128 128 129 129 131 132 132 132 134 134 134 134 135 135 135 135 135 135 132 133 136 138 142 146 147 151 145 145 143 141 138 137 136 135 136 136 136 136 137 137 138 138 138 139 140 141 142 144 146 146 147 147 144 142 140 138 137 136 138 139 139 139 140 140 140 140 139 139 138 138 138 137 137 137 137 137 137 135 134 134 134 134 133 134 134 134 136 136 137 138 137 137 138 137 136 136 134 133 128 127 127 126 126 127 128 128 
126 127 127 128 128 128 128 129 131 133 133 133 133 133 133 133 135 135 135 135 135 135 135 135 133 132 134 136 138 143 146 146 143 141 140 138 137 136 134 133 135 135 135 136 136 136 136 136 137 138 139 140 141 143 145 145 146 146 144 142 140 138 136 135 137 137 138 139 139 140 140 140 139 139 139 139 139 139 139 139 138 137 136 135 134 134 134 133 134 135 135 136 136 137 137 137 138 137 137 136 136 135 135 134 130 128 126 126 126 127 128 128 
126 127 127 128 128 128 128 128 129 134 134 134 134 134 134 134 134 135 135 135 135 135 135 135 134 134 134 134 136 138 141 142 140 139 138 135 136 135 134 132 132 134 134 134 134 134 133 133 137 138 140 141 142 143 144 145 144 143 142 141 139 137 135 134 136 136 137 138 138 139 139 140 140 140 140 140 140 140 140 140 138 136 136 135 134 134 134 134 134 135 136 136 137 138 138 138 138 138 137 137 136 135 135 136 129 128 127 126 126 127 128 128 
126 127 127 128 128 128 128 128 133 134 134 134 134 134 134 134 134 134 134 134 134 134 134 134 135 136 134 133 132 134 135 136 139 139 139 136 135 135 134 134 133 134 134 134 134 134 134 134 137 138 140 141 141 142 143 143 141 141 140 139 137 136 134 134 135 136 136 136 137 138 138 138 140 140 140 140 140 140 140 140 137 135 136 135 136 135 134 134 136 136 137 137 138 139 139 139 139 138 138 137 137 136 135 136 132 128 128 127 126 127 128 128 
126 127 127 128 128 128 128 129 133 134 134 134 134 134 134 134 134 134 134 134 134 134 134 134 136 136 135 132 131 131 132 133 140 141 141 141 138 137 136 136 136 135 136 138 136 136 136 136 139 138 139 140 140 141 141 141 140 138 138 137 136 134 134 134 134 134 134 136 136 136 137 137 139 139 139 139 139 139 139 139 136 134 134 136 136 136 136 136 136 137 138 138 139 140 140 141 139 139 139 138 137 137 136 136 134 132 129 127 127 127 128 128 
126 127 127 128 128 128 128 129 134 135 135 135 135 135 135 135 134 134 134 134 134 134 134 134 136 136 134 132 130 130 131 132 139 141 141 141 141 141 140 140 138 138 140 141 140 140 141 141 138 138 138 138 137 137 137 137 136 136 135 134 134 133 132 132 133 134 134 134 134 135 136 136 137 137 137 137 137 137 137 137 134 134 135 134 136 136 136 136 138 139 139 140 141 141 141 141 140 140 139 139 138 137 137 136 135 133 129 128 127 127 128 128 
126 127 127 128 127 128 128 129 134 135 135 135 135 135 135 135 134 134 134 134 134 134 134 134 136 136 134 132 131 131 132 133 136 137 137 137 138 138 138 138 138 138 138 138 138 138 138 138 136 136 136 134 134 134 134 134 134 134 134 133 133 132 132 132 132 132 133 134 134 135 136 135 134 134 134 134 134 134 134 134 134 134 134 135 135 136 137 137 139 140 140 141 141 141 142 142 141 140 140 139 138 138 137 137 135 134 132 128 128 127 128 128 
126 127 127 128 128 128 128 129 134 136 136 136 136 136 136 136 134 135 135 135 135 135 135 135 136 136 134 133 132 132 134 135 132 131 131 132 132 133 133 133 134 134 134 134 134 134 134 134 134 134 134 132 133 132 132 132 132 132 132 132 132 132 132 131 132 132 133 133 134 134 134 135 134 132 133 132 132 133 133 132 132 133 134 134 136 136 137 138 139 140 141 141 141 142 142 143 141 140 140 139 139 138 137 137 136 134 133 129 128 127 128 128 
130 128 127 126 126 128 132 134 136 136 136 136 136 136 135 135 134 132 132 132 132 132 132 132 133 133 133 132 132 132 133 133 132 131 131 132 132 132 132 132 132 132 132 132 132 132 132 132 132 132 132 132 133 133 134 134 133 133 133 133 133 133 133 133 132 132 132 132 133 133 134 134 134 134 135 135 134 134 134 134 132 134 134 135 136 137 138 139 139 139 139 139 139 139 139 139 138 138 140 141 141 139 136 135 137 135 132 130 128 128 129 128 
129 128 127 126 126 128 132 136 136 136 136 136 136 136 135 135 133 132 132 132 132 132 132 132 132 132 132 132 132 132 132 132 132 132 132 132 132 132 132 132 132 132 132 132 132 132 132 132 132 132 132 133 134 134 135 135 134 133 133 133 133 133 133 133 132 133 133 133 133 133 133 133 134 134 134 134 134 134 134 134 134 134 134 136 136 137 139 139 138 138 138 138 138 138 138 138 137 138 140 141 141 140 137 134 136 136 132 130 129 128 129 129 
128 127 126 126 127 128 131 132 134 135 135 136 136 136 135 135 132 132 132 132 132 132 132 132 132 132 132 132 132 132 132 132 132 132 132 132 132 132 132 132 132 132 132 132 132 132 132 132 132 132 132 133 134 134 135 135 134 134 134 134 134 134 134 134 134 134 134 134 134 134 134 134 134 134 134 134 134 134 134 134 134 134 134 136 137 138 139 140 139 139 139 139 139 139 139 139 138 139 140 141 141 139 137 136 136 136 133 131 128 127 128 128 
126 126 127 128 129 130 131 131 135 136 135 136 135 135 136 136 132 132 132 132 132 132 132 132 132 132 132 132 132 132 132 132 132 132 132 132 132 132 132 132 132 132 132 132 132 132 132 132 132 132 132 133 134 134 135 135 134 134 134 134 134 134 134 134 134 134 134 134 134 134 134 134 134 134 134 134 134 134 134 134 134 134 136 136 137 139 140 140 140 140 140 140 140 140 140 140 140 140 141 140 140 139 138 137 137 136 134 132 129 129 127 127 
126 126 128 129 134 133 132 131 135 136 136 136 135 135 136 136 132 132 132 132 132 132 132 132 132 132 132 132 132 132 132 132 132 132 132 132 132 132 132 132 132 132 132 132 132 132 132 132 132 132 132 133 134 134 135 135 134 134 134 134 134 134 134 134 134 134 134 134 134 134 134 134 134 134 134 134 134 134 134 134 134 136 136 137 138 139 141 141 141 141 141 141 141 141 141 141 141 141 141 140 139 139 139 139 139 138 136 134 132 130 128 127 
126 128 130 136 138 137 134 132 134 136 135 136 136 136 136 136 133 132 132 132 132 132 132 132 132 132 132 132 132 132 132 132 132 132 132 132 132 132 132 132 132 132 132 132 132 132 132 132 132 132 132 133 134 134 135 135 134 134 134 134 134 134 134 134 134 135 135 135 135 135 135 135 134 134 134 134 134 134 134 134 136 136 136 137 139 140 141 141 143 143 143 143 143 143 143 143 143 143 141 140 139 139 140 140 140 141 140 138 136 132 129 127 
126 129 130 141 143 141 137 133 134 135 136 136 136 136 135 136 133 132 132 132 132 132 132 132 132 132 132 132 132 132 132 132 132 132 132 132 132 132 132 132 132 132 132 132 132 132 132 132 132 132 132 133 134 134 135 135 136 136 136 136 136 136 136 136 135 135 135 135 135 135 135 135 134 134 134 134 134 134 134 134 135 136 137 138 139 140 141 141 143 143 143 143 143 143 143 143 144 143 141 140 138 139 140 141 143 144 144 143 140 136 129 128 
127 131 131 144 147 144 138 134 134 136 136 136 136 136 135 135 133 132 132 132 132 132 132 132 132 132 132 132 132 132 132 132 132 132 132 132 132 132 132 132 132 132 132 132 132 132 132 132 132 132 132 133 134 134 135 135 136 136 136 136 136 136 136 136 135 136 136 136 136 136 136 136 134 134 134 134 134 134 134 134 135 136 137 138 139 141 141 141 143 143 143 143 143 143 143 143 145 144 141 139 138 139 141 142 145 146 147 145 142 138 130 129 
123 129 143 150 150 146 140 137 135 135 135 134 135 134 134 134 133 132 132 132 132 132 132 132 131 131 131 131 131 131 131 131 132 132 132 132 132 132 132 132 131 131 131 132 132 132 133 133 132 131 132 132 133 134 134 134 136 135 135 135 135 135 135 135 135 135 135 135 135 135 135 135 135 135 135 135 135 135 135 135 136 136 137 137 138 139 140 140 141 143 143 143 143 144 144 144 143 141 139 136 137 141 145 149 149 147 145 144 144 143 137 131 
125 132 145 153 153 147 142 140 136 135 136 135 135 135 135 134 133 132 132 132 132 132 132 132 131 131 131 131 131 131 131 131 132 132 132 132 132 132 132 132 131 131 131 132 132 132 132 134 132 132 132 133 132 134 134 134 136 135 135 135 135 135 135 135 135 135 135 135 135 135 135 135 135 135 135 135 135 135 135 135 136 136 136 137 138 138 139 139 141 141 143 142 143 144 144 144 142 141 138 136 137 141 147 150 151 147 144 144 145 144 139 130 
127 132 147 154 154 148 144 142 138 136 136 136 135 135 135 134 133 132 132 132 132 132 132 132 131 131 131 131 131 131 131 131 132 132 132 132 132 132 132 132 131 131 131 132 132 132 132 134 132 132 133 133 134 134 134 134 135 135 135 135 135 135 135 135 135 135 135 135 135 135 135 135 135 135 135 135 135 135 135 135 136 136 136 137 137 138 138 139 141 141 141 143 143 143 144 144 141 140 138 137 138 141 146 149 150 148 144 144 146 144 140 129 
128 131 148 155 156 150 147 146 140 138 137 136 136 134 134 134 133 132 132 132 132 132 132 132 131 131 131 131 131 131 131 131 132 132 132 132 132 132 132 132 131 131 131 132 132 132 132 134 132 133 133 134 135 134 136 136 135 135 135 135 135 135 135 135 135 135 135 135 135 135 135 135 134 134 134 134 134 134 134 134 135 135 136 136 137 137 138 138 140 141 141 141 143 143 143 143 141 140 138 138 139 142 146 149 150 147 144 144 146 146 141 132 
129 140 150 156 155 151 149 148 141 140 139 137 136 134 134 133 132 132 132 132 132 132 132 132 131 131 131 131 131 131 131 131 132 132 132 132 132 132 132 132 131 131 131 132 132 132 132 134 132 132 134 134 134 136 136 136 135 135 135 135 135 135 135 135 135 135 135 135 135 135 135 135 134 134 134 134 134 134 134 134 134 135 135 136 136 137 137 137 140 140 141 141 141 143 142 143 140 139 139 139 141 143 146 147 149 147 144 144 147 147 141 135 
130 141 150 155 154 151 149 150 143 141 140 138 136 136 134 133 132 132 132 132 132 132 132 132 131 131 131 131 131 131 131 131 132 132 132 132 132 132 132 132 131 131 131 132 132 132 132 134 134 134 134 134 136 136 136 136 135 135 135 135 135 135 135 135 135 135 135 135 135 135 135 135 134 134 134 134 134 134 134 134 134 134 135 135 136 136 137 137 139 140 140 141 141 141 143 143 139 138 139 140 141 143 146 147 149 147 144 145 147 148 143 137 
130 141 149 154 153 150 149 150 145 142 141 139 137 136 134 133 132 132 132 132 132 132 132 132 131 131 131 131 131 131 131 131 132 132 132 132 132 132 132 132 131 131 131 132 132 132 132 134 134 134 134 136 136 136 136 137 135 135 135 135 135 135 135 135 135 135 135 135 135 135 135 135 134 133 133 133 133 133 133 133 134 134 134 135 135 136 136 136 139 139 140 140 141 141 141 143 138 138 139 141 143 144 145 146 149 147 144 145 149 149 144 139 
130 141 149 153 151 148 149 150 145 142 141 140 137 136 134 132 132 132 132 132 132 132 132 132 131 131 131 131 131 131 131 131 132 132 132 132 132 132 132 132 131 131 131 132 132 132 132 134 134 134 134 136 136 136 137 137 136 135 135 135 135 135 135 135 135 135 135 135 135 135 135 135 134 132 132 132 132 132 132 132 134 134 134 134 135 136 136 136 138 139 140 140 141 141 141 141 138 137 139 141 143 145 145 145 147 146 144 145 148 149 145 140 
134 143 147 149 151 151 151 151 147 145 143 141 137 135 132 130 130 130 130 131 131 132 132 132 132 132 132 132 131 131 130 130 129 129 130 130 132 133 133 134 132 132 132 133 133 134 134 134 134 136 135 136 136 137 137 138 136 134 134 134 135 134 134 134 135 136 135 135 134 134 134 134 133 132 132 132 132 132 132 132 134 134 134 134 134 134 134 136 136 137 138 138 139 140 140 140 137 137 140 142 144 144 144 143 146 147 146 147 148 148 147 145 
134 143 146 148 151 152 151 151 149 147 144 141 137 135 132 130 129 129 130 130 131 132 132 132 132 131 131 131 130 130 130 129 129 129 130 131 132 133 134 134 133 132 132 133 134 134 134 134 134 135 136 136 136 137 137 138 136 136 136 135 135 136 136 136 136 136 136 135 134 134 134 134 133 133 133 133 133 133 133 133 134 134 134 134 134 134 134 134 136 136 136 137 138 138 139 139 137 138 140 142 144 144 143 142 145 146 146 146 146 146 146 146 
135 143 146 149 151 151 151 150 149 147 144 141 137 134 132 130 129 129 130 130 131 132 132 132 130 130 130 129 129 129 129 129 130 131 131 132 133 134 134 134 133 132 132 133 134 134 134 134 135 135 136 136 136 137 137 138 136 136 135 135 136 136 136 136 136 137 136 136 136 135 135 134 134 134 134 134 134 134 134 134 134 134 134 134 134 134 134 134 136 135 136 137 137 138 138 139 137 138 140 142 144 144 143 142 145 146 146 146 146 146 146 146 
135 142 145 147 150 151 150 150 148 147 144 141 137 134 132 130 129 129 130 130 131 132 132 132 129 128 128 128 128 129 129 129 132 132 133 133 134 134 134 134 133 132 132 132 134 134 134 134 135 135 136 136 136 137 137 138 136 136 136 136 136 136 136 136 137 137 137 136 135 136 134 134 135 135 135 135 135 135 135 135 134 134 134 134 134 134 134 134 136 136 135 136 137 137 138 138 137 138 140 142 144 144 143 142 144 145 145 145 145 145 145 145 
140 142 144 147 149 150 150 149 149 147 144 141 137 135 132 130 129 129 130 130 131 132 132 132 128 127 128 128 129 130 130 131 134 134 134 134 134 134 134 134 133 132 132 132 134 134 134 135 135 135 136 136 136 137 137 138 137 136 136 136 136 136 136 136 137 138 137 137 136 135 136 136 136 136 136 136 136 136 136 136 134 134 134 134 134 134 134 134 134 134 136 135 136 137 137 137 136 138 140 142 144 144 143 142 144 145 145 145 145 145 145 145 
140 141 144 147 149 149 149 149 148 147 144 141 137 135 132 130 129 129 130 130 131 132 132 132 128 128 128 129 130 132 132 133 136 137 136 136 136 135 134 134 133 132 132 133 134 134 135 135 135 135 136 136 136 137 137 138 137 137 137 137 137 137 137 137 138 138 138 137 137 136 136 135 136 137 137 137 137 137 137 137 136 134 134 134 134 134 134 134 134 134 134 136 135 136 137 137 136 138 140 142 144 144 143 142 144 144 144 144 144 144 144 144 
139 141 143 147 148 149 148 148 147 147 144 141 137 134 132 130 129 129 130 130 131 132 132 132 129 129 130 131 133 134 136 136 138 139 138 137 136 136 135 134 132 132 132 133 134 134 134 134 135 135 136 136 136 137 137 138 137 137 137 137 137 137 137 137 139 139 138 138 137 136 136 136 137 138 138 138 138 138 138 138 136 134 134 134 134 134 134 134 134 134 134 134 136 136 136 136 136 138 140 143 144 144 143 142 144 144 144 144 144 144 144 144 
138 141 143 146 148 149 148 148 147 147 144 141 137 134 132 130 129 129 130 130 131 132 132 132 130 130 131 133 135 136 137 138 139 139 139 138 136 136 134 134 133 132 132 133 134 134 134 134 135 135 136 136 136 137 137 138 138 138 138 138 138 138 138 138 139 139 139 138 137 137 136 136 138 138 138 138 138 138 138 138 135 134 134 134 134 134 134 134 134 134 134 134 136 135 136 136 136 138 140 143 144 144 143 142 143 143 143 143 143 143 143 143 
140 141 144 147 149 150 149 149 150 148 141 136 131 129 130 131 133 133 133 133 133 132 132 132 134 134 132 131 132 136 140 145 153 154 150 145 140 136 134 133 134 134 134 134 133 133 133 133 133 134 134 136 136 137 138 139 138 137 138 139 139 139 140 140 139 139 139 139 139 140 141 142 139 141 144 147 148 145 140 137 137 136 136 134 134 134 134 134 135 135 135 135 135 134 134 136 134 136 136 138 139 140 140 140 141 141 141 141 140 140 140 140 
139 141 143 147 149 149 149 148 150 147 140 133 128 128 129 131 134 134 134 132 132 133 132 132 135 135 132 131 132 137 144 150 155 154 150 145 140 136 135 132 134 134 134 134 132 132 132 132 132 133 134 134 136 137 138 139 138 137 138 138 139 140 140 140 140 140 140 140 141 141 143 144 142 144 147 150 151 149 147 145 142 140 139 136 136 135 135 134 134 134 134 134 134 134 134 134 135 134 136 136 137 138 138 139 140 140 140 139 139 138 137 137 
139 141 143 146 148 149 148 149 147 144 138 131 127 127 128 131 132 133 133 133 133 133 133 133 135 134 132 132 135 142 150 156 151 147 144 140 137 136 134 134 134 134 134 133 132 132 131 131 132 132 132 134 136 136 137 138 137 137 137 138 139 139 140 140 141 141 141 141 142 143 143 143 146 147 147 147 149 152 154 156 149 144 143 139 136 136 136 136 134 134 134 134 134 134 134 134 135 135 135 136 136 137 137 137 140 140 139 139 138 138 137 136 
138 140 143 146 148 149 148 147 145 141 134 128 125 125 127 131 132 132 133 133 133 134 134 134 134 134 132 134 138 146 154 162 146 140 137 135 134 134 134 136 134 134 133 133 132 132 131 131 131 131 132 133 134 136 136 136 136 136 137 137 138 139 139 139 141 141 142 143 143 143 142 143 145 144 141 141 143 149 156 162 156 151 146 142 138 136 136 137 136 134 134 134 134 134 134 134 134 136 136 136 136 136 136 136 138 138 138 138 137 136 136 136 
135 140 142 145 148 149 147 148 141 136 131 125 123 124 127 130 131 131 132 133 134 134 134 134 134 134 132 134 140 149 157 164 141 133 132 130 131 132 134 135 134 133 133 132 132 131 130 130 130 130 131 132 132 134 136 136 136 136 136 137 137 138 138 139 139 141 143 143 143 142 141 139 139 136 134 132 135 143 153 157 160 157 150 144 139 136 136 137 136 134 134 134 134 134 134 134 136 136 136 136 134 134 134 136 137 137 137 136 136 136 134 134 
135 140 141 145 147 148 147 147 138 132 127 122 121 122 127 130 130 130 131 133 134 134 136 136 136 134 134 134 139 149 157 164 139 129 128 128 128 131 132 136 134 133 132 132 131 130 130 129 129 128 129 131 132 133 134 134 135 136 136 136 137 137 138 138 137 138 141 142 142 141 137 135 132 129 127 127 130 138 147 153 160 161 153 144 138 136 135 136 134 135 135 135 135 135 135 135 135 135 136 135 134 134 134 134 136 136 136 135 134 134 133 133 
134 139 141 144 147 147 147 146 135 128 124 120 119 121 127 130 130 130 131 132 134 134 136 137 136 135 134 134 139 147 156 162 138 128 127 127 128 130 133 135 132 132 132 131 130 130 129 129 128 128 128 130 131 132 132 134 135 134 136 136 136 137 137 138 136 136 140 141 141 139 134 131 127 126 125 127 132 137 143 147 155 163 154 144 136 133 133 134 135 135 135 135 135 135 135 135 136 136 135 134 134 133 133 132 135 136 136 135 134 134 133 133 
133 139 141 144 147 147 147 146 133 127 122 119 118 121 126 129 129 129 130 132 134 136 136 137 137 136 134 134 138 145 154 160 137 128 128 127 128 130 132 134 132 132 131 131 130 129 129 129 128 127 128 129 130 132 133 133 135 134 136 136 136 137 137 137 134 135 138 141 140 137 132 128 126 126 128 132 136 140 143 145 164 165 154 143 135 132 131 133 134 134 134 134 134 134 134 134 136 136 136 134 134 133 132 131 134 134 134 134 133 132 132 132 
132 138 141 146 147 147 145 143 129 123 121 121 121 123 126 128 129 129 130 130 131 132 133 133 134 134 133 134 138 145 153 159 143 134 130 127 124 125 127 129 132 132 132 131 130 129 128 128 127 127 127 127 127 129 132 132 134 134 134 136 136 136 137 137 138 138 138 137 136 134 132 129 131 130 127 125 127 132 138 144 160 161 152 143 135 132 131 132 134 134 136 135 136 136 136 136 136 136 136 136 135 134 133 133 134 134 134 133 132 132 131 131 
131 138 141 145 147 147 145 143 128 123 123 122 123 124 127 128 129 129 130 130 131 132 132 132 134 133 132 132 136 143 149 154 146 141 135 130 127 127 129 132 132 133 132 131 129 128 127 127 127 127 126 126 127 129 131 134 134 134 134 136 135 136 136 137 138 138 138 136 134 134 133 132 129 127 124 124 128 136 145 153 158 156 148 141 136 132 132 132 134 134 136 135 136 137 137 138 136 136 136 136 134 135 134 134 134 134 132 133 132 131 131 130 
130 136 141 145 147 147 145 143 129 124 123 122 123 124 127 128 129 129 130 130 131 132 132 132 134 133 132 132 134 139 144 147 147 144 140 136 134 133 134 136 134 132 132 130 129 128 127 127 127 127 126 126 127 129 131 134 134 134 134 135 135 135 136 136 136 136 136 135 135 135 135 135 128 125 125 128 134 144 154 162 156 149 144 138 134 132 133 134 134 136 136 136 137 137 138 138 137 137 136 136 136 134 135 134 133 133 133 132 132 131 130 130 
130 135 140 144 147 147 145 144 130 126 124 123 123 125 127 128 129 129 130 130 131 132 132 132 134 134 132 131 132 135 138 141 144 143 140 137 136 136 136 137 134 132 131 130 129 127 127 126 127 127 126 126 127 129 131 134 133 133 134 134 135 135 135 136 134 134 134 134 136 136 136 136 131 128 130 135 141 149 157 163 149 142 139 135 132 132 134 134 136 136 136 137 137 138 138 139 137 137 137 136 136 136 134 134 133 133 132 132 131 130 130 129 
129 132 139 143 146 147 145 144 132 127 125 124 123 125 126 128 129 129 130 130 131 132 132 132 134 133 132 131 131 132 134 134 138 138 136 135 133 133 133 134 132 131 131 129 128 128 127 126 127 127 126 126 127 129 131 134 132 132 132 134 134 135 136 136 134 134 134 134 136 136 136 137 137 137 138 140 142 146 149 152 141 137 134 134 134 134 134 136 136 136 137 137 138 139 139 139 138 138 137 137 136 136 136 136 133 132 132 131 130 130 129 129 
129 131 137 142 146 147 146 144 134 128 127 125 124 125 126 127 128 129 130 130 131 132 132 132 132 132 132 132 132 132 132 132 134 134 133 132 131 131 131 130 131 130 130 129 127 127 126 125 127 127 126 126 127 129 131 134 133 132 133 132 134 135 134 134 134 135 135 135 135 135 135 135 140 141 141 142 141 141 140 138 136 134 134 135 134 136 136 136 136 137 137 138 139 139 140 140 139 138 138 137 137 136 136 136 133 131 131 130 130 129 128 128 
128 129 136 141 145 147 146 145 134 129 128 126 124 125 126 127 128 129 130 130 131 132 132 132 131 131 132 133 133 133 133 133 133 133 133 133 132 132 132 131 130 130 129 128 127 126 125 124 127 127 126 126 127 129 131 134 132 132 132 132 133 134 134 134 136 137 137 136 134 134 134 133 134 137 138 140 139 137 134 131 133 134 134 135 136 136 136 136 137 137 138 138 139 140 140 140 139 139 138 138 137 136 136 136 133 131 130 130 129 128 128 128 
127 128 135 141 145 147 146 145 136 130 128 126 124 125 126 126 128 129 130 130 131 132 132 132 130 130 132 132 134 135 134 134 134 134 135 135 136 134 134 134 131 129 129 127 127 126 125 124 127 127 126 126 127 129 131 134 132 131 132 132 133 134 134 134 138 139 138 136 134 134 132 131 128 128 132 136 136 135 133 130 134 136 136 137 137 137 136 136 137 137 138 139 139 140 140 141 139 139 139 138 137 137 136 136 133 131 130 129 129 128 128 128 
127 128 133 141 145 147 147 147 139 134 129 124 123 123 125 127 129 129 129 129 129 130 130 130 130 131 131 132 133 133 132 134 136 136 136 135 135 134 134 133 131 129 128 127 126 125 123 123 128 128 129 129 130 131 132 132 133 133 132 134 134 134 134 136 136 137 137 136 134 134 134 133 131 131 132 134 134 134 134 134 134 135 135 136 136 137 137 137 139 139 139 140 140 140 140 140 139 139 138 138 137 136 136 136 131 129 127 127 127 127 128 128 
127 128 132 140 144 147 147 147 140 134 129 124 121 123 125 127 129 129 129 129 129 129 129 129 130 131 131 132 132 133 132 134 135 136 135 135 134 134 133 133 131 129 128 127 126 124 123 123 127 129 130 130 131 132 132 132 133 133 134 134 134 134 136 136 136 136 136 136 134 134 134 134 133 133 132 134 134 134 136 136 135 134 136 136 136 137 137 138 139 140 140 140 140 140 140 140 139 139 138 138 137 136 136 136 131 128 127 126 126 127 128 128 
127 128 131 138 142 146 147 147 141 135 129 124 121 123 126 128 130 130 130 130 130 130 130 130 130 131 131 132 132 133 132 134 136 135 134 134 134 132 132 132 131 129 128 127 126 125 124 124 128 129 130 130 131 132 132 132 133 133 134 134 134 135 136 136 136 136 136 136 135 134 134 134 133 132 134 134 134 136 135 136 136 136 136 136 137 137 138 138 140 140 140 140 140 140 140 140 139 139 138 138 137 136 136 136 131 128 127 126 126 127 128 128 
127 128 129 134 140 144 147 148 141 135 130 124 121 122 126 129 130 130 130 130 130 130 130 130 130 131 131 132 132 133 132 134 134 134 134 134 134 133 132 132 130 129 128 127 127 126 126 125 128 129 130 130 131 132 132 132 133 133 134 134 134 135 136 136 136 136 136 136 135 134 134 134 134 134 134 134 136 136 136 136 136 136 136 137 137 138 138 139 140 140 140 140 140 140 140 140 139 139 138 138 137 136 136 136 131 128 127 126 126 127 128 128 
127 128 129 130 138 141 145 148 141 136 131 125 123 123 127 129 131 131 131 131 131 131 131 131 130 131 131 132 132 133 132 134 134 134 134 134 133 132 132 131 129 128 128 128 127 127 127 127 128 129 130 130 131 132 132 132 132 133 134 134 134 135 135 135 136 136 136 135 135 135 134 134 134 134 134 136 136 136 137 137 136 136 137 137 138 139 139 139 140 140 140 140 140 140 140 140 139 139 138 138 137 136 136 136 131 128 127 126 126 127 128 129 
127 128 129 129 136 140 144 147 141 136 131 126 123 124 128 130 132 132 132 132 132 132 132 132 130 131 131 132 132 133 132 134 134 134 133 133 132 132 131 131 129 128 128 128 128 128 128 128 129 129 130 129 130 132 132 132 133 133 134 134 135 135 135 135 136 136 136 135 135 135 134 134 134 134 136 136 136 137 137 137 136 137 137 138 139 139 140 140 140 140 140 140 140 140 140 140 139 139 138 138 137 136 136 136 131 128 127 126 126 127 128 128 
127 127 128 129 133 139 144 147 142 137 132 126 123 124 128 130 132 132 132 132 132 132 132 132 131 131 131 132 132 133 132 134 134 133 133 132 132 131 130 130 129 128 128 128 129 129 129 129 129 129 130 130 131 132 132 132 133 133 134 134 135 135 135 135 136 136 136 135 135 134 134 134 134 136 136 136 137 137 138 138 137 137 138 138 139 140 140 140 140 140 140 140 140 140 140 140 139 139 138 138 137 136 136 136 131 128 127 126 126 127 128 129 
127 127 127 128 129 138 143 148 142 137 132 127 124 125 127 131 132 132 132 132 132 132 132 132 131 131 131 132 132 133 132 134 133 133 132 132 131 131 130 130 128 128 128 128 129 130 130 130 129 129 130 130 131 132 132 132 133 133 134 134 135 135 135 136 136 136 136 135 134 134 134 134 135 136 135 136 137 137 138 138 137 137 138 139 139 140 140 141 140 140 140 140 140 140 140 140 139 139 138 138 137 136 136 136 131 128 127 126 126 127 128 128 
129 128 128 128 128 133 140 144 144 140 134 127 124 125 128 132 133 134 134 134 134 134 134 134 131 130 128 128 128 128 130 131 129 129 129 130 130 130 131 131 131 131 131 131 131 131 132 132 132 132 132 132 132 132 132 132 133 133 134 134 134 135 135 135 136 136 136 136 136 136 135 135 136 136 136 137 138 138 139 139 138 138 139 139 140 141 141 141 140 140 140 140 140 140 140 140 140 140 139 138 137 136 136 135 130 128 128 128 128 128 128 128 
129 128 128 127 128 131 138 141 144 141 134 128 125 125 128 132 133 133 133 133 133 133 133 133 132 130 128 127 127 127 129 131 129 128 128 129 130 130 131 131 132 132 132 132 132 132 132 132 132 133 133 133 133 133 133 133 132 133 134 134 134 135 135 136 136 136 136 136 136 136 136 136 136 136 136 137 138 138 139 139 138 138 139 139 140 141 141 141 140 140 140 140 140 140 140 140 141 140 139 138 137 136 134 134 129 127 128 128 128 128 128 128 
129 128 128 127 128 129 135 140 143 141 135 128 126 126 128 131 133 132 132 132 132 132 132 132 132 130 128 127 127 127 129 131 129 128 129 129 130 131 131 132 132 132 132 132 132 132 132 132 133 134 134 134 134 134 134 134 132 133 134 134 134 135 135 136 136 136 136 136 136 136 136 136 136 136 136 137 138 138 139 139 138 138 139 139 140 141 141 140 140 140 140 140 140 140 140 140 141 140 139 138 137 136 134 134 129 128 128 128 128 128 128 128 
128 128 128 127 128 129 130 136 141 140 134 129 127 127 128 130 132 132 132 132 132 132 132 132 131 130 128 127 127 127 129 131 129 129 129 130 131 131 132 132 133 133 133 133 132 132 133 133 134 134 134 134 134 134 134 134 132 133 134 134 134 135 135 136 136 136 136 136 136 136 136 136 136 136 136 137 138 138 139 139 138 138 139 139 140 140 141 141 140 140 140 140 140 140 140 140 141 140 139 138 137 136 134 134 129 127 127 127 128 128 128 128 
128 128 128 128 128 128 129 133 140 139 135 131 128 127 128 129 131 132 132 132 132 132 132 132 131 130 128 127 127 127 129 131 130 130 130 131 131 132 133 133 134 134 134 134 134 134 134 134 134 134 134 134 134 134 134 134 132 133 134 134 134 135 135 136 136 136 136 136 136 136 136 136 136 136 136 137 138 138 139 139 138 138 139 139 140 141 141 141 140 140 140 140 140 140 140 140 141 140 139 138 137 136 134 134 129 128 128 128 128 128 128 128 
128 127 127 128 128 128 128 130 138 139 135 132 129 128 128 128 131 131 131 131 131 131 131 131 131 130 128 127 127 127 129 131 130 130 131 131 132 133 132 132 134 134 134 134 134 134 134 134 135 135 135 135 135 135 135 135 134 133 134 134 134 135 135 136 136 136 136 136 136 136 136 136 136 136 136 137 138 138 139 139 138 138 139 139 140 140 140 140 140 140 140 140 140 140 140 140 141 140 139 138 137 136 134 134 129 127 127 128 128 128 128 128 
126 127 127 128 128 127 127 128 130 138 136 133 130 128 127 128 130 131 131 131 131 131 131 131 131 130 128 127 127 128 129 131 130 131 131 132 132 132 134 134 134 134 134 135 135 134 134 134 135 135 135 135 135 135 135 135 134 133 134 134 134 135 135 136 136 136 136 136 136 136 136 136 136 136 136 137 138 138 139 139 138 138 139 139 140 141 141 141 140 140 140 140 140 140 140 140 141 140 139 138 137 136 134 134 129 128 128 128 128 128 128 128 
126 126 127 128 128 127 127 127 130 137 136 133 130 128 127 127 129 130 130 130 130 130 130 130 131 130 128 127 127 128 129 131 131 131 131 132 133 133 134 134 134 135 135 134 134 134 135 135 136 136 136 136 136 136 136 136 134 133 134 134 134 135 135 136 136 136 136 136 136 136 136 136 136 136 136 137 138 138 139 139 138 138 139 139 140 141 141 141 140 140 140 140 140 140 140 140 141 140 139 138 137 136 134 134 128 128 128 127 128 128 128 128 
127 127 128 128 128 128 128 128 128 129 130 129 129 128 128 128 128 129 129 129 130 130 131 131 131 130 129 128 128 130 132 134 133 133 133 133 134 135 134 136 136 136 136 136 135 135 135 135 136 136 136 136 136 136 136 136 135 134 134 135 135 135 135 135 136 137 137 137 137 137 137 137 137 138 138 138 138 138 138 138 140 140 140 141 141 141 141 141 141 141 141 141 141 141 141 141 140 140 140 140 138 136 132 128 128 128 128 128 128 128 128 128 
128 128 128 128 128 128 128 128 128 128 128 128 128 128 128 128 128 128 129 129 130 130 131 131 131 130 129 128 129 131 133 134 134 133 134 134 134 134 136 136 135 135 135 135 135 135 135 135 136 136 136 136 136 136 136 136 135 135 135 135 135 135 135 135 136 137 137 137 137 137 137 137 138 138 138 138 138 138 138 138 140 141 141 141 141 141 141 141 141 141 141 141 141 141 141 141 140 140 141 140 138 135 130 127 128 128 128 128 128 128 128 128 
128 128 128 128 128 128 128 128 128 128 128 128 128 128 128 128 128 128 129 129 130 130 131 131 131 130 129 128 129 131 133 134 134 133 134 134 134 134 136 136 136 136 136 136 136 136 136 136 136 136 136 136 136 136 136 136 136 136 136 136 136 136 136 136 137 137 137 137 137 137 137 137 138 139 139 139 139 139 139 139 140 141 141 141 141 141 141 141 141 141 141 141 141 141 141 141 140 141 140 139 136 132 128 125 127 128 128 128 128 128 128 128 
128 128 128 128 128 128 128 128 128 128 128 128 128 128 128 128 128 128 129 129 130 130 131 131 131 130 129 128 129 131 133 134 134 133 134 134 134 134 136 136 136 136 136 136 136 136 136 136 136 136 136 136 136 136 136 136 136 136 136 136 136 136 136 136 137 137 137 137 137 137 137 137 139 139 139 139 139 139 139 139 141 141 141 141 141 141 141 141 141 141 141 141 141 141 141 141 141 141 141 137 134 128 127 125 127 128 128 128 128 128 128 128 
128 128 128 128 128 128 128 128 128 128 128 128 128 128 128 128 128 128 129 129 130 130 131 131 131 130 129 128 129 131 133 134 134 133 134 134 134 134 136 136 136 136 136 136 136 136 136 136 136 136 136 136 136 136 136 136 136 136 136 136 136 136 136 136 137 137 137 137 137 137 137 137 139 140 140 140 140 140 140 140 141 141 141 141 141 141 141 141 141 141 141 141 141 141 141 141 141 141 138 136 129 128 126 125 127 128 128 128 128 128 128 128 
128 128 128 128 128 128 128 128 128 128 128 128 128 128 128 128 128 128 129 129 130 130 131 131 131 130 129 128 129 131 133 135 134 133 134 134 134 134 136 136 136 136 136 136 136 136 136 136 136 136 136 136 136 136 136 136 137 137 137 137 137 137 137 137 137 137 137 137 137 137 137 137 140 141 141 141 141 141 141 141 141 141 141 141 141 141 141 141 141 141 141 141 141 141 141 141 140 138 136 129 128 128 127 127 128 128 128 128 128 128 128 128 
128 128 128 128 128 128 128 128 128 128 128 128 128 128 128 128 128 128 129 129 130 130 131 131 131 130 129 128 129 131 133 135 134 133 134 134 134 134 136 136 136 135 135 135 135 135 135 135 136 136 136 136 136 136 136 136 137 137 137 137 137 137 137 137 137 137 137 137 137 137 137 137 140 141 141 141 141 141 141 141 141 141 141 141 141 141 141 141 141 141 141 141 141 141 141 141 137 136 129 130 128 128 128 128 128 128 128 128 128 128 128 128 
128 128 128 128 128 128 128 128 128 128 128 128 128 128 128 128 128 128 129 129 130 130 131 131 131 130 129 128 129 131 133 135 134 133 134 134 134 134 136 136 135 135 135 135 135 135 135 135 136 136 136 136 136 136 136 136 137 138 138 138 138 138 138 138 137 137 137 137 137 137 137 137 140 141 141 141 141 141 141 141 141 141 141 141 141 141 141 141 141 141 141 141 141 141 141 141 136 132 130 128 127 128 128 129 128 128 128 128 128 128 128 128 
128 128 128 128 128 128 128 128 128 128 128 128 128 128 128 128 128 128 129 130 130 131 131 132 131 131 131 130 130 131 131 132 131 131 132 132 133 133 134 134 135 135 135 135 135 135 135 135 136 136 136 136 136 136 136 136 136 137 137 138 138 139 139 140 139 139 139 139 139 139 139 139 141 141 141 141 141 140 140 140 141 143 141 141 141 140 140 140 137 138 140 141 142 141 139 138 129 128 128 128 128 128 128 128 128 128 128 128 128 128 128 128 
128 128 128 128 128 128 128 128 128 128 128 128 128 128 128 128 128 128 129 129 130 131 131 131 131 131 131 131 131 131 131 131 130 131 131 132 132 132 133 134 134 135 135 135 135 135 135 135 136 136 136 136 136 136 136 136 137 137 137 138 139 139 140 140 140 140 140 140 140 140 140 140 141 141 141 140 141 140 140 139 141 142 141 141 141 140 140 139 137 138 140 141 141 139 137 129 128 128 128 128 128 128 128 128 128 128 128 128 128 128 128 128 
128 128 128 128 128 128 128 128 128 128 128 128 128 128 128 128 128 128 128 129 130 130 131 131 131 131 131 131 131 131 131 131 130 131 131 132 132 132 133 134 134 135 135 135 135 135 135 135 136 136 136 136 136 136 136 136 137 137 138 138 139 140 140 141 140 140 140 140 140 140 140 140 141 141 141 141 141 140 140 139 141 141 141 141 141 140 139 139 139 139 140 140 138 136 132 129 128 128 128 128 128 128 128 128 128 128 128 128 128 128 128 128 
128 128 128 128 128 128 128 128 128 128 128 128 128 128 128 128 128 128 128 128 129 130 130 130 131 131 131 131 131 131 131 131 130 131 131 132 132 132 133 134 134 135 135 135 135 135 135 135 136 137 137 137 137 137 137 137 138 138 138 139 140 140 141 141 141 141 141 141 141 141 141 141 141 141 141 141 141 140 140 139 141 141 141 141 140 139 139 138 139 139 139 137 136 132 128 128 128 128 128 128 128 128 128 128 128 128 128 128 128 128 128 128 
128 128 128 128 128 128 128 128 128 128 128 128 128 128 128 128 127 127 128 128 128 129 129 130 131 131 131 131 131 131 131 131 130 131 131 132 132 132 133 134 134 135 135 135 135 135 135 135 137 138 138 138 138 138 138 138 138 139 139 140 140 141 141 141 141 141 141 141 141 141 141 141 142 141 141 141 141 140 140 139 141 141 141 140 139 139 138 138 139 138 136 134 129 128 128 127 128 128 128 128 128 128 128 128 128 128 128 128 128 128 128 128 
128 128 128 128 128 128 128 128 128 128 128 128 128 128 128 128 127 127 127 128 128 128 129 129 131 131 131 131 131 131 131 131 130 131 131 132 132 132 133 134 134 135 135 135 135 135 135 135 137 138 138 138 138 138 138 138 139 139 140 140 141 141 141 141 141 141 141 141 141 141 141 141 142 141 141 141 141 140 140 139 141 140 140 139 139 138 137 137 136 135 133 130 128 128 127 127 128 128 128 128 128 128 128 128 128 128 128 128 128 128 128 128 
128 128 128 128 128 128 128 128 128 128 128 128 128 128 128 128 127 126 127 127 128 128 128 128 131 131 131 131 131 131 131 131 130 131 131 132 132 132 133 134 134 135 135 135 135 135 135 135 138 139 139 139 139 139 139 139 139 140 140 141 141 141 143 142 141 141 141 141 141 141 141 141 142 141 141 141 141 140 140 139 140 140 139 139 138 137 137 137 134 130 128 127 126 126 127 128 128 128 128 128 128 128 128 128 128 128 128 128 128 128 128 128 
128 128 128 128 128 128 128 128 128 128 128 128 128 128 128 128 127 126 127 127 128 128 128 128 130 131 131 131 131 131 131 131 130 131 131 132 132 132 133 134 134 135 135 135 135 135 135 135 138 139 139 139 139 139 139 139 140 140 140 141 141 141 142 142 142 142 142 142 142 142 142 142 142 141 141 141 141 140 140 139 140 140 139 138 138 137 137 136 129 129 127 125 125 126 128 128 128 128 128 128 128 128 128 128 128 128 128 128 128 128 128 128 
128 128 128 128 128 128 128 128 128 128 128 128 128 128 128 128 128 128 128 128 128 128 128 128 128 128 129 130 130 131 131 132 133 132 132 132 134 134 134 134 132 132 132 133 133 134 134 134 136 137 137 137 138 138 139 139 139 139 139 139 140 140 140 140 139 140 140 140 141 140 140 141 139 138 138 139 139 139 140 140 139 139 138 136 135 134 129 131 128 128 128 127 127 127 128 128 128 128 128 128 128 128 128 128 128 128 128 128 128 128 128 128 
128 128 128 128 128 128 128 128 128 128 128 128 128 128 128 128 128 128 128 128 128 128 128 128 128 128 128 129 130 131 131 131 132 134 134 134 134 134 134 134 132 132 132 133 134 134 135 134 135 136 136 137 138 138 139 139 140 140 140 140 140 140 140 140 140 140 140 140 140 140 141 141 139 138 139 138 138 138 138 139 138 137 136 134 134 129 130 128 128 128 128 128 128 128 128 128 128 128 128 128 128 128 128 128 128 128 128 128 128 128 128 128 
128 128 128 128 128 128 128 128 128 128 128 128 128 128 128 128 128 128 128 128 128 128 128 128 128 128 128 128 130 128 131 131 133 132 132 132 132 132 132 132 133 134 134 134 134 136 136 136 136 136 136 137 138 138 139 139 141 141 141 141 141 141 141 141 140 140 140 141 141 141 141 141 141 141 140 139 138 137 137 136 135 134 134 132 130 128 129 128 128 128 128 128 128 128 128 128 128 128 128 128 128 128 128 128 128 128 128 128 128 128 128 128 
128 128 128 128 128 128 128 128 128 128 128 128 128 128 128 128 128 128 128 128 128 128 128 128 128 128 128 128 129 128 130 128 131 132 132 132 132 132 132 132 134 134 134 136 136 136 137 137 136 136 136 137 138 138 139 139 141 141 141 141 141 141 141 141 141 141 141 141 140 140 140 140 141 141 140 139 137 136 134 134 132 131 128 129 128 128 128 127 128 128 128 128 128 128 128 128 128 128 128 128 128 128 128 128 128 128 128 128 128 128 128 128 
128 128 128 128 128 128 128 128 128 128 128 128 128 128 128 128 128 128 128 128 128 128 128 128 127 127 128 128 128 128 128 128 129 128 130 130 130 130 130 130 134 134 136 136 136 137 137 138 137 136 136 137 138 138 139 139 141 141 141 141 141 141 141 141 141 141 141 140 141 140 139 139 140 140 138 136 135 133 132 128 128 128 128 128 128 127 127 126 128 128 128 128 128 128 128 128 128 128 128 128 128 128 128 128 128 128 128 128 128 128 128 128 
128 128 128 128 128 128 128 128 128 128 128 128 128 128 128 128 128 128 128 128 128 128 128 128 127 127 127 128 128 128 128 128 128 129 128 128 128 129 129 129 133 134 134 134 136 136 136 136 136 136 136 137 138 138 139 139 140 141 141 141 141 141 141 141 140 140 140 139 138 136 136 136 136 136 134 133 132 129 130 128 128 128 128 128 128 128 128 128 128 128 128 128 128 128 128 128 128 128 128 128 128 128 128 128 128 128 128 128 128 128 128 128 
128 128 128 128 128 128 128 128 128 128 128 128 128 128 128 128 128 128 128 128 128 128 128 128 127 126 127 127 128 128 128 128 128 128 128 128 128 128 128 128 131 133 133 133 134 135 134 136 136 136 136 137 138 138 139 139 138 138 138 138 138 138 138 138 139 139 138 136 136 134 133 132 130 128 128 129 129 128 128 128 128 128 128 128 128 128 128 128 128 128 128 128 128 128 128 128 128 128 128 128 128 128 128 128 128 128 128 128 128 128 128 128 
128 128 128 128 128 128 128 128 128 128 128 128 128 128 128 128 128 128 128 128 128 128 128 128 127 126 127 127 128 128 128 128 128 128 128 128 128 128 128 128 129 129 131 131 133 133 134 134 135 136 136 137 138 138 139 139 137 136 136 136 136 136 136 136 138 138 137 136 134 131 129 130 127 126 126 127 127 128 128 128 128 128 128 128 128 128 128 128 128 128 128 128 128 128 128 128 128 128 128 128 128 128 128 128 128 128 128 128 128 128 128 128 
