128 128 128 128 128 128 128 128 128 128 128 128 128 128 128 128 128 128 128 128 128 128 128 128 128 128 128 128 128 129 129 129 129 129 128 129 129 128 127 128 129 130 129 129 129 131 130 132 132 136 137 137 139 139 139 139 141 141 140 140 140 140 140 136 132 131 132 130 130 131 131 130 129 128 128 129 129 129 129 128 128 128 128 127 127 126 126 126 128 128 128 128 128 128 128 128 128 128 128 128 128 128 128 128 128 128 128 128 128 128 128 128 128
128 128 128 128 128 128 128 128 128 128 128 128 128 128 128 128 128 128 128 128 128 128 128 128 128 128 128 128 128 128 129 129 128 128 128 128 128 128 128 128 132 131 130 132 134 134 135 136 137 137 137 137 138 139 139 139 141 141 140 140 140 141 140 141 137 136 137 138 136 134 130 129 128 128 128 128 128 128 129 129 128 128 128 128 128 128 128 127 128 128 128 128 128 128 128 128 128 128 128 128 128 128 128 128 128 128 128 128 128 128 128 128 128
128 128 128 128 128 128 128 128 128 128 128 128 128 128 128 128 128 128 128 128 128 128 128 128 128 128 128 128 128 128 128 128 125 125 126 127 128 129 130 132 137 139 139 139 137 137 137 138 137 137 137 138 139 139 139 139 141 141 140 141 140 140 141 141 137 137 139 139 139 136 133 132 128 127 128 128 128 128 128 128 128 128 128 128 128 128 128 128 128 128 128 128 128 128 128 128 128 128 128 128 128 128 128 128 128 128 128 128 128 128 128 128 128
128 128 128 128 128 128 128 128 128 128 128 128 128 128 128 128 128 128 128 128 128 128 128 128 128 129 128 128 128 127 126 126 126 127 128 129 130 137 139 141 143 145 144 143 142 141 141 139 137 137 137 137 139 139 139 139 141 140 140 140 140 141 141 141 139 139 140 141 141 137 135 133 129 127 127 126 126 126 127 127 128 128 128 128 129 128 128 128 128 128 128 128 128 128 128 128 128 128 128 128 128 128 128 128 128 128 128 128 128 128 128 128 128
128 128 128 128 128 128 128 128 128 128 128 128 128 128 128 128 128 128 128 128 128 128 128 128 128 128 128 129 128 128 127 127 129 130 136 139 142 145 146 148 148 148 146 145 145 143 142 142 137 137 137 138 139 139 139 139 140 141 140 141 141 141 140 140 140 141 142 142 140 138 137 134 129 127 126 126 126 124 124 125 126 128 128 128 128 128 130 131 128 128 128 128 128 128 128 128 128 128 128 128 128 128 128 128 128 128 128 128 128 128 128 128 128
128 128 128 128 128 128 128 128 128 128 128 128 128 128 128 128 128 128 128 128 128 128 128 128 128 128 128 129 129 129 130 130 139 143 144 145 146 147 149 149 148 146 146 145 145 144 143 143 139 137 137 137 139 139 139 139 141 140 140 141 141 141 141 141 139 140 141 141 140 139 136 134 129 127 126 125 124 124 123 122 124 126 126 127 128 129 129 129 128 128 128 128 128 128 128 128 128 128 128 128 128 128 128 128 128 128 128 128 128 128 128 128 128
128 128 128 128 128 128 128 128 128 128 128 128 128 128 128 128 128 128 128 128 128 128 128 128 128 128 128 129 129 129 134 135 144 146 146 146 145 145 144 143 143 142 142 143 143 143 144 144 139 137 137 137 139 139 139 139 141 140 140 140 140 140 140 140 139 139 139 140 139 138 135 133 129 126 126 124 123 122 121 120 121 123 124 125 126 128 128 128 128 128 128 128 128 128 128 128 128 128 128 128 128 128 128 128 128 128 128 128 128 128 128 128 128
128 128 128 128 128 128 128 128 128 128 128 128 128 128 128 128 128 128 128 128 128 128 128 128 126 126 128 129 133 136 138 139 146 148 146 144 141 139 137 135 138 136 136 138 139 142 143 144 139 137 137 138 139 139 139 139 141 140 140 141 140 140 140 140 139 138 139 139 138 136 134 132 128 126 125 124 123 121 120 119 119 120 121 123 124 125 128 128 128 128 128 128 128 128 128 128 128 128 128 128 128 128 128 128 128 128 128 128 128 128 128 128 128
128 128 128 128 128 128 128 128 128 128 128 128 128 128 128 128 128 128 128 128 128 128 128 128 129 129 129 131 132 136 139 142 146 146 144 141 137 136 135 133 135 135 135 135 131 137 137 138 137 139 141 141 137 135 135 138 139 141 140 140 141 141 140 140 139 139 139 139 137 136 132 131 127 126 126 124 123 122 121 120 120 120 120 121 121 121 122 124 128 129 129 129 129 129 129 129 128 128 128 128 128 128 128 128 128 128 128 128 128 128 128 128 128
128 128 128 128 128 128 128 128 128 128 128 128 128 128 128 128 128 128 128 128 128 128 128 128 129 130 129 130 132 135 139 142 145 145 142 139 137 136 135 134 134 135 135 135 133 136 134 136 135 139 143 142 138 134 134 137 139 140 141 140 141 140 141 141 139 139 141 139 139 136 132 131 127 126 125 124 123 122 121 120 120 120 120 120 120 120 120 120 126 128 128 128 128 128 128 128 128 128 128 128 128 128 128 128 128 128 128 128 128 128 128 128 128
128 128 128 128 128 128 128 128 128 128 128 128 128 128 128 128 128 128 128 128 128 128 128 128 128 128 128 129 131 134 137 139 143 141 140 138 137 136 135 134 134 134 134 135 134 135 135 134 135 138 143 143 138 135 135 137 139 140 141 140 140 141 140 141 139 141 141 140 138 136 133 131 128 126 125 124 123 122 121 121 120 120 120 120 120 120 120 120 123 126 125 126 127 128 128 128 128 128 128 128 128 128 128 128 128 128 128 128 128 128 128 128 128
128 128 128 128 128 128 128 128 128 128 128 128 128 128 128 128 128 128 128 128 128 128 128 127 127 126 127 129 132 134 137 139 141 140 139 138 136 136 135 135 134 134 134 134 135 134 134 135 134 138 144 145 141 137 136 139 140 140 140 141 140 141 140 140 141 141 141 141 139 137 134 132 128 127 126 126 124 123 122 121 120 120 120 120 120 120 120 120 122 123 124 125 126 126 127 127 128 128 128 128 128 128 128 128 128 128 128 128 128 128 128 128 128
128 128 128 128 128 128 128 128 128 128 128 128 128 128 128 128 128 128 128 128 129 128 128 128 127 128 130 132 134 137 137 139 139 138 137 137 137 136 135 135 134 134 134 134 134 134 134 134 134 139 146 148 146 141 139 141 141 141 140 140 140 140 141 140 141 141 141 141 139 137 134 132 129 128 127 126 124 123 123 122 120 120 120 120 120 120 120 120 120 121 122 123 125 126 127 128 128 128 128 128 128 128 128 128 128 128 128 128 128 128 128 128 128
128 128 128 128 128 128 128 128 128 128 128 128 128 128 128 128 128 128 128 128 128 128 128 128 130 132 134 137 139 141 142 141 138 138 137 137 136 136 136 135 134 134 134 134 134 134 134 134 134 141 149 152 151 146 144 145 141 141 140 140 141 140 140 141 141 142 142 142 140 138 135 132 130 128 127 126 125 124 123 123 121 120 120 120 120 120 120 120 119 120 122 123 124 127 127 128 128 128 128 128 128 128 128 128 128 128 128 128 128 128 128 128 128
128 128 128 128 128 128 128 128 128 128 128 128 128 128 128 128 128 128 128 128 128 128 128 128 132 136 139 143 146 146 146 140 139 137 137 137 136 136 136 135 134 133 133 133 133 133 133 133 136 144 152 157 155 151 148 149 142 140 141 140 141 140 140 140 141 142 143 142 140 139 135 133 130 129 128 126 126 124 124 123 121 120 120 120 120 120 120 120 120 121 122 124 126 127 129 130 128 128 128 128 128 128 128 128 128 128 128 128 128 128 128 128 128
128 128 128 128 128 128 128 128 128 128 128 128 128 128 128 128 128 128 128 128 128 128 128 128 135 139 143 147 150 151 150 141 139 137 137 137 136 136 136 135 134 133 133 133 133 133 133 133 137 146 155 160 159 154 152 151 143 140 141 140 140 140 140 140 142 142 143 142 141 139 136 133 130 129 128 127 125 124 124 124 121 120 120 120 120 120 120 120 120 121 123 124 126 129 131 132 128 128 128 128 128 128 128 128 128 128 128 128 128 128 128 128 128
128 128 128 128 128 128 128 128 128 128 128 128 129 129 129 128 129 130 130 133 133 134 136 136 140 145 148 152 154 154 152 151 140 137 134 135 134 134 135 135 134 134 134 133 132 132 133 133 133 146 153 157 158 156 154 151 148 145 144 141 141 139 139 139 141 141 141 141 141 139 137 137 133 130 131 130 128 127 126 125 123 123 124 123 124 123 124 123 124 126 127 129 132 133 134 136 129 129 127 126 125 126 128 128 128 128 128 128 128 128 128 128 128
128 128 128 128 128 128 128 128 128 128 128 128 129 129 129 129 130 132 132 134 135 137 137 138 144 147 151 155 157 157 154 152 136 137 135 134 133 133 135 134 134 134 133 132 132 132 133 133 136 146 151 154 157 156 152 151 149 148 145 142 140 139 139 139 141 141 141 140 139 139 139 139 134 132 132 131 129 128 127 126 125 125 125 125 125 125 126 125 128 129 130 131 132 134 135 135 132 129 127 124 125 126 128 128 128 128 128 128 128 128 128 128 128
128 128 128 128 128 128 128 128 128 128 128 128 128 130 130 130 132 133 133 134 135 136 137 137 145 149 153 157 160 159 158 156 138 136 135 133 132 132 132 133 133 132 132 130 130 131 132 133 140 146 150 154 155 155 153 150 149 148 145 142 141 139 139 139 141 141 141 141 139 139 139 139 135 133 133 132 131 129 128 128 127 127 127 127 127 127 127 127 131 132 132 133 132 132 133 133 132 131 128 128 127 127 128 128 128 128 128 128 128 128 128 128 128
128 128 128 128 128 128 128 128 128 128 128 128 129 130 132 133 132 133 133 134 135 136 136 137 145 149 153 159 161 161 159 159 145 137 134 134 132 131 131 132 131 131 130 130 130 131 132 133 141 146 148 152 153 152 152 150 149 148 145 142 140 138 139 139 141 141 141 141 139 139 139 139 136 135 134 133 132 131 130 130 129 129 129 129 129 129 129 129 133 134 134 133 133 132 132 132 132 133 132 130 128 128 128 128 128 128 128 128 128 128 128 128 128
128 128 128 128 128 128 128 128 128 128 128 129 130 132 133 133 133 134 134 134 135 135 135 136 143 148 153 157 160 161 161 159 148 142 133 132 132 131 130 130 132 132 130 130 129 131 133 135 142 145 148 149 151 150 151 150 149 148 145 142 140 139 139 139 141 141 141 141 139 139 139 138 137 137 136 135 134 132 131 131 131 130 130 131 131 131 130 131 134 135 135 134 133 133 132 132 134 134 134 133 129 129 128 128 128 128 128 128 128 128 128 128 128
128 128 128 128 128 128 128 128 127 127 128 130 132 133 134 135 135 135 135 135 134 134 134 134 139 144 149 154 158 159 158 157 150 146 140 135 132 132 130 130 130 130 130 130 131 133 136 138 142 145 146 146 148 149 150 150 149 148 145 142 140 139 139 139 141 141 141 141 139 139 139 139 139 138 137 137 135 134 133 133 133 133 133 133 133 133 133 133 134 134 134 134 134 134 134 134 136 137 137 136 135 129 129 128 128 128 128 128 128 128 128 128 128
128 128 128 128 128 128 128 128 128 128 128 130 132 133 135 137 135 135 135 135 134 134 134 134 136 139 145 150 154 155 154 154 152 150 146 140 134 132 131 131 131 131 131 131 133 136 138 140 143 143 145 145 146 147 149 150 149 148 145 142 140 139 139 139 141 141 141 140 139 139 139 139 139 140 139 138 137 136 135 134 134 135 135 135 135 135 135 135 132 132 133 134 135 136 136 137 137 137 139 139 137 134 131 128 128 128 128 128 128 128 128 128 128
128 128 128 128 128 128 128 128 127 127 128 130 133 134 136 137 136 136 135 135 134 134 133 133 133 136 141 146 151 153 152 151 152 149 145 142 137 135 133 132 134 134 134 134 135 137 140 141 142 142 143 144 146 147 149 150 149 148 145 142 141 138 139 139 141 141 141 141 139 139 139 139 140 141 139 138 137 136 135 135 136 136 136 136 136 136 136 136 133 131 132 134 135 137 139 139 139 139 140 140 137 135 129 128 128 128 128 128 128 128 128 128 128
128 128 128 128 128 128 128 129 130 129 132 133 133 133 134 134 135 135 135 135 135 135 135 135 133 133 136 139 143 146 148 152 146 145 144 142 139 138 136 136 136 137 137 137 137 138 138 138 139 139 141 141 143 145 146 146 147 148 145 143 140 139 137 137 139 139 139 139 140 140 140 140 139 139 139 139 139 137 137 138 137 138 138 136 135 135 134 134 133 134 134 135 136 137 137 139 137 137 139 137 137 136 134 133 129 128 128 126 127 128 128 129 128
127 128 128 128 128 129 128 130 131 133 133 133 133 133 133 133 135 135 135 135 135 135 135 135 133 133 134 136 139 143 146 146 143 142 141 139 138 137 135 134 135 135 136 136 136 137 137 137 137 139 139 140 142 144 146 146 146 146 145 143 141 138 137 136 137 137 139 139 139 140 140 141 139 139 139 139 139 139 139 139 139 137 137 136 135 134 134 133 134 135 136 136 137 137 138 138 139 137 137 137 136 136 135 135 131 128 126 126 127 128 128 129 128
127 128 128 128 128 128 128 128 129 134 134 134 134 134 134 134 135 135 135 135 135 135 135 135 135 135 134 134 136 139 141 143 140 139 138 136 136 135 134 133 133 134 134 134 134 134 134 134 137 139 140 141 143 144 145 146 145 144 143 141 140 137 136 135 137 137 137 139 139 139 139 141 140 140 140 140 140 140 141 141 139 137 137 136 135 135 134 134 135 136 137 137 137 139 138 139 139 139 137 137 137 136 136 136 129 129 128 127 127 128 128 129 128
127 128 128 128 128 129 128 129 133 134 134 134 134 134 134 134 135 135 135 135 135 135 135 135 136 136 134 133 133 134 136 137 139 139 139 137 136 136 135 134 134 134 134 134 134 134 134 134 137 139 140 141 142 143 144 144 142 141 141 139 137 137 135 134 136 136 137 137 138 139 139 139 140 140 141 140 141 140 141 140 137 136 136 136 136 135 135 135 136 137 137 137 138 139 139 139 139 139 139 137 137 137 136 136 132 129 129 128 127 128 128 128 128
127 128 128 128 128 129 129 130 133 135 135 135 135 135 135 135 135 135 135 135 135 135 135 135 137 136 135 132 132 132 133 133 140 142 141 141 139 138 137 136 137 136 136 139 137 137 137 137 139 139 139 141 141 141 142 142 141 138 139 138 136 135 134 134 135 135 135 136 137 137 137 137 139 139 139 139 139 139 139 139 137 135 135 136 136 136 136 136 137 138 138 139 139 140 140 141 139 139 139 139 137 138 137 137 134 132 130 128 128 128 128 129 128
127 128 128 128 128 128 128 130 134 135 135 135 135 135 135 135 135 135 135 135 135 135 135 135 137 137 135 133 131 130 132 133 139 142 142 142 142 142 141 140 138 138 141 141 141 141 141 141 138 139 138 138 138 138 138 138 137 136 136 135 134 134 133 133 133 134 134 135 135 136 137 137 137 138 138 138 138 138 138 138 135 134 135 135 136 137 137 137 139 139 139 140 141 141 142 142 140 140 139 139 139 138 138 137 135 133 129 128 128 128 128 128 128
127 128 128 128 128 129 129 130 134 136 136 136 136 136 136 136 135 135 135 135 135 135 135 135 137 137 135 132 132 132 133 133 137 137 137 138 139 138 139 139 139 139 139 138 139 139 138 138 137 136 136 135 135 135 134 134 134 134 134 133 133 132 132 132 132 133 133 134 134 135 136 136 135 135 135 135 135 135 135 135 134 134 134 135 136 137 138 137 139 140 140 141 142 142 143 143 141 140 140 139 139 138 138 137 136 134 132 129 128 128 128 128 128
127 128 128 128 128 129 129 130 134 136 136 136 136 136 136 136 135 135 135 135 135 135 135 135 137 137 135 133 132 133 134 135 133 132 132 133 132 133 133 133 134 134 134 134 134 134 134 134 134 134 134 133 133 132 132 132 132 132 132 133 132 132 132 132 132 132 133 133 134 135 135 135 134 133 133 133 133 133 133 133 133 133 134 135 136 137 138 139 139 140 141 142 142 143 143 144 142 140 140 139 139 138 138 137 137 135 133 130 128 128 128 128 128
130 129 128 126 126 129 132 135 136 136 136 136 136 136 136 136 134 133 133 133 133 133 133 133 133 133 133 132 132 132 133 133 133 132 132 133 132 132 132 132 132 132 132 132 132 133 133 133 133 133 133 133 133 133 134 134 133 133 133 133 133 133 133 133 133 133 133 133 133 133 134 134 134 135 135 135 135 135 135 135 133 134 135 136 137 137 139 139 139 139 139 139 139 139 139 139 139 139 140 141 141 139 137 135 137 136 133 131 129 129 130 129 128
129 129 128 126 127 128 132 136 136 136 136 136 136 136 136 136 133 133 133 133 133 133 133 133 132 132 132 132 132 132 132 132 132 132 132 132 132 132 132 132 133 133 133 133 133 133 133 133 133 133 133 133 134 134 135 135 134 133 133 133 133 133 133 133 133 133 133 133 133 133 133 133 135 135 135 135 135 135 135 135 134 134 135 136 137 137 139 139 139 139 139 139 139 139 139 139 137 139 140 142 141 141 137 135 137 137 133 130 130 128 129 129 128
128 128 126 126 127 129 132 133 135 136 136 136 136 136 136 136 133 132 132 132 132 132 132 132 132 132 132 132 132 132 132 132 132 132 132 132 132 132 132 132 133 133 133 133 133 133 133 133 133 133 133 133 134 134 135 135 134 134 134 134 134 134 134 134 134 134 134 134 134 134 134 134 135 135 135 135 135 135 135 135 134 134 135 136 137 139 139 141 139 139 139 139 139 139 139 139 139 139 141 141 141 139 137 136 137 137 134 132 129 128 128 129 128
127 127 127 129 130 130 132 132 135 136 136 136 136 136 136 136 133 132 132 132 132 132 132 132 132 132 132 132 132 132 132 132 132 132 132 132 132 132 132 132 133 133 133 133 133 133 133 133 133 133 133 133 134 134 135 135 134 134 134 134 134 134 134 134 134 134 134 134 134 134 134 134 135 135 135 135 135 135 135 135 134 135 136 137 137 139 141 141 140 140 140 140 140 140 140 140 140 140 141 141 140 139 139 137 138 137 135 133 130 129 128 128 128
126 126 129 129 134 133 132 132 135 136 136 136 136 136 136 136 133 132 132 132 132 132 132 132 132 132 132 132 132 132 132 132 132 132 132 132 132 132 132 132 133 133 133 133 133 133 133 133 133 133 133 133 134 134 135 135 135 135 135 135 135 135 135 135 135 135 135 135 135 135 135 135 135 135 135 135 135 135 135 135 135 136 137 138 139 139 141 141 141 142 142 142 142 142 142 142 142 142 141 141 139 139 139 139 139 138 137 135 132 130 129 128 128
126 128 130 137 139 137 135 132 135 136 136 136 136 136 136 136 133 133 133 133 133 133 133 133 132 132 132 132 132 132 132 132 132 132 132 132 132 132 132 132 133 133 133 133 133 133 133 133 133 133 133 133 134 134 135 135 135 135 135 135 135 135 135 135 135 135 135 135 135 135 135 135 135 135 135 135 135 135 135 135 136 136 137 137 139 141 141 142 143 143 143 143 143 143 143 143 144 143 141 141 139 139 140 141 141 141 141 139 137 132 129 127 128
126 130 130 141 144 142 138 133 135 136 136 136 136 136 136 136 133 133 133 133 133 133 133 133 132 132 132 132 132 132 132 132 132 132 132 132 132 132 132 132 133 133 133 133 133 133 133 133 133 133 133 133 134 134 135 135 136 136 136 136 136 136 136 136 136 136 136 136 136 136 136 136 135 135 135 135 135 135 135 135 136 137 137 139 139 141 142 142 143 144 144 144 144 144 144 144 145 144 142 140 139 139 140 142 144 145 145 143 141 136 130 128 128
128 131 131 145 147 145 139 134 135 136 136 136 136 136 136 136 133 133 133 133 133 133 133 133 132 132 132 132 132 132 132 132 132 132 132 132 132 132 132 132 133 133 133 133 133 133 133 133 133 133 133 133 134 134 135 135 136 136 136 136 136 136 136 136 136 136 136 136 136 136 136 136 135 135 135 135 135 135 135 135 136 137 137 139 139 141 142 142 144 144 144 144 144 144 144 144 145 145 142 139 139 139 141 143 146 146 147 146 143 139 130 129 128
124 129 143 151 151 146 141 138 136 136 135 135 135 135 135 135 133 132 133 132 132 132 132 133 132 132 132 132 132 132 132 132 132 133 133 132 132 132 132 132 132 132 132 132 132 133 133 133 132 132 132 132 133 134 134 135 136 136 136 136 136 136 136 136 136 136 136 136 136 136 136 136 136 136 136 136 136 136 136 136 137 137 137 138 139 139 140 140 142 143 143 144 144 145 145 145 144 142 139 137 138 141 146 149 150 148 146 145 145 143 137 132 128
125 132 145 154 154 147 143 140 137 136 136 136 135 135 135 135 133 132 133 132 133 132 132 133 132 132 132 132 132 132 132 132 133 133 133 132 132 132 133 133 132 132 132 132 132 133 133 134 132 132 132 133 133 134 135 135 136 136 136 136 136 136 136 136 136 136 136 136 136 136 136 136 136 136 136 136 136 136 136 136 137 137 137 138 138 139 139 139 141 142 143 143 144 145 145 145 143 141 138 137 137 142 148 151 152 148 145 145 145 145 139 131 128
128 132 147 155 154 149 145 143 139 137 137 136 136 135 135 134 133 132 133 132 133 132 132 133 132 132 132 132 132 132 132 132 133 133 133 132 132 132 133 133 132 132 132 132 132 133 133 134 132 132 133 133 134 135 135 135 136 136 136 136 136 136 136 136 136 136 136 136 136 136 136 136 135 135 135 135 135 135 135 135 136 136 137 137 138 138 139 139 141 142 142 143 144 144 145 145 142 140 139 137 139 142 146 150 151 148 145 145 146 145 141 130 128
129 131 149 156 156 151 148 146 141 139 137 137 136 135 134 134 133 132 133 132 133 132 132 133 132 132 132 132 132 132 132 132 133 133 133 132 132 132 133 133 132 132 132 132 132 133 133 134 133 133 133 134 135 135 136 136 136 136 136 136 136 136 136 136 136 136 136 136 136 136 136 136 135 135 135 135 135 135 135 135 136 136 136 137 137 138 138 139 140 141 142 142 143 144 144 144 141 140 139 138 139 143 146 149 150 147 145 145 146 146 141 132 128
130 141 151 157 156 152 149 149 142 140 139 138 137 135 134 133 132 132 133 132 133 132 132 133 132 132 132 132 132 132 132 132 133 133 133 132 132 132 133 133 132 132 132 132 132 133 133 134 133 133 134 134 135 136 136 137 136 136 136 136 136 136 136 136 136 136 136 136 136 136 136 136 135 134 134 134 134 134 134 134 135 135 136 136 137 137 138 138 141 140 141 142 142 143 143 144 141 139 139 139 141 144 146 148 150 148 145 145 147 147 142 136 128
130 141 151 156 155 152 150 151 144 141 140 139 137 136 134 133 133 132 133 132 133 132 132 133 132 132 132 132 132 132 132 132 133 133 133 132 132 132 133 133 132 132 132 132 132 133 133 134 134 134 134 135 136 136 137 137 136 136 136 136 136 136 136 136 136 136 136 136 136 136 136 136 135 134 134 134 134 134 134 134 134 135 135 136 136 137 137 137 139 141 140 141 142 142 143 143 139 138 139 140 142 144 146 148 149 147 145 145 148 148 144 138 129
130 141 150 155 154 150 149 151 145 143 141 139 138 136 134 133 133 132 133 132 133 132 132 133 132 132 132 132 132 132 132 132 133 133 133 132 132 132 133 133 132 132 132 132 132 133 133 134 134 134 135 136 136 137 137 137 136 136 136 136 136 136 136 136 136 136 136 136 136 136 136 136 134 133 133 133 133 133 133 133 134 134 135 135 136 137 137 137 139 139 141 140 141 142 142 143 139 138 139 141 143 145 146 146 149 148 145 146 149 149 145 139 129
130 141 149 153 152 149 149 151 146 143 142 140 138 136 134 132 133 132 133 132 133 132 132 133 132 132 132 132 132 132 132 132 133 133 133 132 132 132 133 133 132 132 132 132 132 133 133 134 134 135 135 136 137 137 137 137 137 136 136 136 136 136 136 136 136 136 136 136 136 136 136 136 134 133 133 133 133 133 133 133 134 134 134 135 136 136 137 137 138 139 141 141 141 142 142 142 139 137 139 142 144 145 146 146 148 146 145 145 149 150 146 140 129
135 144 147 150 152 152 152 152 148 145 144 141 137 135 132 130 131 131 131 132 132 132 132 132 132 132 132 132 132 132 131 131 130 130 130 131 132 133 133 134 132 132 132 133 133 134 134 135 135 136 136 137 137 137 137 139 136 135 135 135 135 135 135 135 136 137 136 136 135 135 135 135 133 132 132 132 132 132 132 132 134 135 135 135 135 135 135 136 137 137 139 139 139 141 141 141 137 138 140 143 145 145 145 144 146 147 146 148 148 148 147 145 129
135 144 146 149 152 153 152 152 149 148 145 142 138 135 132 131 130 130 131 131 132 132 132 132 132 132 132 132 131 131 131 130 130 130 130 132 133 133 134 134 133 132 132 133 134 134 135 135 135 136 136 137 137 137 138 138 137 136 136 136 136 136 136 136 137 137 137 136 135 135 134 134 133 133 133 133 133 133 133 133 134 135 135 135 135 135 135 135 137 137 137 137 139 138 139 139 138 139 141 143 145 145 143 143 145 146 146 146 146 146 146 146 132
136 144 146 149 152 152 152 151 149 147 145 142 138 135 133 131 130 130 131 131 132 132 132 133 131 131 131 130 130 130 130 130 131 132 132 132 133 134 134 134 133 132 132 133 134 134 135 135 135 136 136 137 137 137 138 138 137 136 136 136 136 136 136 136 137 138 137 136 136 135 135 134 134 134 134 134 134 134 134 134 135 135 135 135 135 135 135 135 136 136 137 137 137 139 138 139 137 138 140 143 145 145 143 143 145 146 146 146 146 146 146 146 137
136 143 146 148 151 152 151 151 149 147 145 142 137 135 132 131 130 130 131 131 132 132 133 133 130 129 129 129 129 130 130 130 132 133 133 133 134 134 134 134 133 132 132 133 134 134 135 135 135 136 136 137 137 137 138 138 137 137 137 137 137 137 137 137 137 137 137 137 136 136 135 135 135 135 135 135 135 135 135 135 135 135 135 135 135 135 135 135 136 136 136 137 137 137 139 139 137 139 141 143 145 145 144 143 145 145 145 146 146 146 145 145 139
141 143 145 148 150 150 151 150 149 147 145 142 138 135 132 131 130 130 131 131 132 133 133 132 129 128 128 129 130 130 130 132 134 135 135 135 135 135 135 135 133 133 133 133 134 134 135 135 135 136 136 137 137 137 138 138 137 137 137 137 137 137 137 137 138 139 137 137 137 136 136 136 136 136 136 136 136 136 136 136 135 135 135 135 135 135 135 135 135 135 136 136 137 137 137 137 137 139 141 143 145 145 144 143 145 145 145 146 146 146 145 145 141
140 142 145 147 150 150 150 150 148 147 145 142 137 135 133 131 130 130 130 130 132 133 132 132 129 129 129 130 131 132 133 133 136 138 137 137 136 135 135 135 133 133 132 133 134 134 135 135 135 136 136 137 137 137 138 138 137 137 137 137 137 138 137 137 139 139 138 138 137 137 136 136 137 138 138 138 138 138 138 138 136 135 135 135 135 135 135 135 134 135 135 136 136 137 137 137 137 138 140 143 145 145 144 143 145 145 145 145 145 145 145 145 141
140 141 144 147 149 150 149 149 148 148 145 142 138 135 132 130 130 130 130 130 132 132 132 132 130 130 130 132 133 135 136 137 139 139 139 137 137 136 135 135 133 132 132 133 134 134 135 135 135 136 136 137 137 137 138 138 137 137 137 137 138 137 137 137 139 139 138 139 137 137 137 137 138 138 138 138 138 138 138 138 136 135 135 135 135 135 135 135 134 134 135 135 136 137 137 137 137 139 140 143 145 145 144 143 145 145 145 145 145 145 145 145 140
139 141 144 146 149 150 149 149 148 147 145 142 138 135 132 130 130 130 130 130 132 132 132 132 131 131 132 133 135 137 138 139 139 140 139 139 137 136 135 135 133 132 132 133 134 134 135 135 135 136 136 137 137 137 138 138 139 139 139 138 139 139 139 139 139 139 139 139 138 138 137 137 139 139 139 139 139 139 139 139 136 135 135 135 135 135 135 135 134 134 134 135 136 136 137 137 137 139 140 143 145 145 144 143 144 144 144 144 144 144 144 144 140
141 141 145 147 149 151 150 150 151 148 142 136 132 130 131 132 133 133 133 133 133 132 132 133 134 134 132 132 132 137 141 145 153 154 151 146 140 137 135 134 134 134 134 134 133 133 133 133 133 134 135 136 137 137 138 139 138 138 139 139 139 139 140 140 139 139 139 139 139 141 142 143 139 141 145 148 148 146 141 137 138 137 137 135 134 134 134 134 135 135 135 135 135 135 135 136 135 136 137 138 139 140 141 141 142 142 141 141 140 140 140 141 138
140 142 144 147 150 150 150 149 150 147 140 133 129 128 130 132 134 134 134 133 133 133 132 132 136 135 132 132 133 138 145 151 156 155 151 146 140 137 135 133 135 135 134 134 133 132 132 132 133 133 134 135 137 137 139 139 139 137 139 139 139 140 141 141 140 141 140 140 141 142 144 145 143 145 148 151 152 150 147 145 143 140 139 137 136 135 135 135 135 135 135 135 135 135 135 135 135 135 136 137 137 139 139 139 141 141 141 139 139 139 138 138 137
139 141 144 146 149 150 149 149 148 145 139 132 127 127 129 132 133 133 133 133 133 133 133 133 135 134 132 132 136 142 151 157 152 148 145 140 137 136 134 134 135 134 134 133 133 132 132 132 132 132 133 135 136 137 137 139 138 138 137 139 139 139 140 141 141 141 141 142 143 144 144 144 146 147 147 148 150 152 154 156 150 145 143 139 137 136 136 137 135 135 135 135 135 135 135 135 135 135 136 136 137 137 137 138 141 140 139 139 139 139 138 137 136
139 141 144 146 149 149 149 148 146 141 135 129 126 126 128 132 132 132 133 133 133 134 134 134 135 134 132 134 139 146 155 162 146 140 137 135 134 134 134 136 135 134 133 133 133 133 132 132 132 132 132 133 135 136 137 137 137 137 138 137 139 139 139 139 141 142 143 144 144 144 143 143 146 145 142 141 144 150 157 162 157 152 146 143 139 137 137 138 136 135 135 135 135 135 135 135 135 136 136 136 136 136 137 137 139 139 139 139 138 137 137 136 134
135 140 143 145 148 149 148 148 142 137 132 125 123 124 128 131 132 132 132 133 134 135 135 135 135 134 133 135 141 149 158 165 142 133 132 131 131 132 134 136 134 133 133 132 133 132 130 131 130 130 132 132 133 135 136 136 136 136 137 138 137 139 139 139 139 141 143 144 144 143 141 139 139 137 134 133 135 143 153 158 161 158 151 145 139 137 137 137 136 135 135 135 135 135 135 135 136 136 136 136 135 135 135 136 137 137 137 137 137 136 135 135 132
135 141 142 145 147 148 148 147 139 132 128 123 121 123 127 131 130 130 132 133 134 135 136 137 136 134 134 135 140 149 158 165 139 130 129 129 129 132 133 136 134 133 132 132 132 130 130 130 130 129 130 132 132 133 134 135 136 136 136 137 138 137 139 139 137 139 141 143 143 141 138 136 132 130 127 127 130 138 148 154 161 161 153 145 138 136 135 136 135 135 135 135 135 135 135 135 136 136 136 135 135 134 134 134 136 137 137 136 135 135 134 134 131
135 139 142 145 148 147 147 146 135 129 124 121 119 122 127 130 131 130 132 132 134 135 137 137 137 135 134 135 139 147 156 163 138 129 128 127 129 130 133 135 133 132 133 132 130 131 130 130 129 128 129 130 132 132 133 134 135 135 136 136 137 137 137 139 136 137 141 142 142 139 134 132 127 126 126 128 132 137 144 148 156 164 155 145 137 133 133 134 135 135 135 135 135 135 135 135 137 137 136 135 134 133 133 132 135 136 136 135 134 134 133 133 130
134 139 141 144 148 147 147 146 133 127 123 119 118 121 126 130 130 130 130 132 134 136 137 138 137 136 134 135 139 145 155 161 138 129 128 128 129 131 132 134 133 132 132 132 130 130 130 130 128 128 129 130 130 132 133 133 135 135 136 136 137 138 137 137 134 135 139 141 141 138 132 129 126 126 129 133 137 140 144 146 165 166 155 143 136 133 131 133 135 135 135 135 135 135 135 135 137 137 136 135 134 133 132 132 134 135 135 134 133 133 132 132 129
132 139 142 146 147 147 146 144 130 124 122 121 122 124 126 129 130 130 130 131 132 133 133 133 135 134 133 134 139 145 154 159 144 135 131 127 124 125 127 130 132 133 133 132 130 130 129 129 128 127 127 127 128 130 132 133 134 135 135 136 137 137 137 138 139 139 138 138 137 134 132 130 132 131 127 125 127 132 139 145 161 161 152 144 136 132 132 132 134 135 136 136 136 137 137 137 137 137 136 136 135 134 133 133 134 134 134 133 133 132 132 132 128
131 138 142 146 148 147 146 144 129 124 123 122 123 125 127 129 130 130 130 131 132 133 132 132 134 133 132 133 137 144 150 155 146 141 136 131 128 128 130 132 133 133 132 132 130 129 128 127 128 127 126 126 128 130 132 134 134 134 135 136 136 137 137 138 138 139 139 137 135 134 133 132 130 128 124 124 128 136 145 154 159 157 149 142 136 132 132 133 134 135 136 136 137 138 137 139 137 137 137 136 135 135 134 134 134 134 133 133 132 131 132 131 128
130 137 141 146 148 147 146 144 130 124 124 123 124 125 127 129 130 130 130 130 132 133 132 132 134 133 132 132 135 139 144 148 148 145 140 136 134 133 135 137 134 133 132 130 130 129 128 127 128 127 126 126 128 130 132 134 134 134 134 135 136 136 137 137 137 137 137 136 136 136 135 135 128 126 126 128 135 145 155 163 156 150 145 139 134 133 133 134 135 136 136 137 137 138 139 139 137 138 137 136 136 135 135 134 133 133 133 132 132 132 130 130 128
130 136 140 145 147 147 146 145 131 126 124 124 124 125 127 128 130 130 131 130 132 132 133 132 134 134 133 132 133 135 139 141 145 144 140 137 136 136 137 138 134 132 132 130 130 128 127 126 128 127 126 126 128 130 132 134 133 133 134 134 135 136 136 137 135 135 135 135 136 137 137 137 132 129 131 135 141 149 158 164 149 143 139 136 133 133 134 135 136 136 137 137 137 139 139 139 137 137 138 137 136 136 135 135 133 133 132 133 132 130 131 130 128
129 132 139 144 146 147 146 145 132 127 126 124 124 125 126 128 130 130 131 130 132 132 133 133 134 133 132 132 132 133 134 135 139 138 137 135 133 133 133 134 133 132 132 130 129 128 127 126 127 127 126 126 128 130 132 134 133 133 133 134 135 135 136 136 135 134 135 135 136 137 137 137 137 138 139 140 143 146 150 153 142 137 135 134 134 134 135 137 137 137 138 137 138 139 139 139 139 139 137 138 137 136 136 136 133 133 133 132 131 131 130 130 128
129 131 137 143 146 147 146 145 134 129 127 125 124 125 126 127 129 130 131 131 132 132 132 132 133 133 132 132 132 133 132 132 134 134 133 132 132 132 132 130 132 130 131 130 128 127 126 126 127 127 126 126 128 130 132 134 133 132 133 133 134 135 135 135 135 136 136 136 136 136 136 136 140 142 142 143 142 141 140 139 136 135 134 135 135 136 137 137 137 137 137 139 139 139 140 141 139 139 139 137 138 137 136 136 133 132 132 131 130 130 129 129 128
129 129 137 142 146 147 146 145 135 130 128 126 124 125 126 127 129 130 131 131 132 133 132 132 132 132 133 133 133 133 133 133 133 133 133 133 133 132 133 132 131 131 130 129 128 126 126 124 127 127 126 126 128 130 132 134 132 133 132 133 133 134 135 135 137 137 137 136 135 135 134 133 135 138 139 140 139 138 134 132 133 135 135 136 137 137 137 137 138 137 139 138 139 140 141 140 139 139 139 139 137 137 137 137 133 132 130 130 130 129 129 128 128
128 129 136 142 146 147 146 145 136 131 129 126 124 125 126 126 129 130 131 131 132 133 132 132 131 130 132 133 134 135 134 134 134 135 136 136 136 135 135 134 132 130 130 128 127 126 126 124 127 127 126 126 128 130 132 134 133 132 132 132 133 134 134 135 139 139 139 137 135 134 132 132 128 129 133 136 137 136 133 130 134 136 137 138 138 137 137 136 138 137 139 139 139 140 141 141 139 139 139 139 137 138 137 137 133 132 130 130 130 129 129 128 128
128 128 134 141 146 148 148 148 139 134 130 124 123 123 125 128 130 130 130 130 130 131 130 130 130 132 132 132 133 133 133 134 136 136 136 136 136 135 134 133 132 130 129 128 126 125 124 123 128 129 130 130 131 132 132 132 133 133 133 134 134 135 135 136 137 138 137 137 135 135 134 133 132 132 132 134 135 135 135 135 135 135 136 136 137 137 137 138 139 139 139 141 140 141 140 141 139 139 138 139 138 137 137 137 132 130 128 127 127 127 129 129 128
128 128 133 140 145 148 148 148 141 135 130 124 122 123 125 128 130 130 130 130 130 130 130 130 130 132 132 132 132 133 133 134 136 136 136 135 134 134 133 133 132 130 129 128 126 124 124 123 128 130 130 130 132 132 132 132 133 133 134 134 135 135 136 136 137 137 137 136 135 135 134 134 133 133 133 134 135 135 136 136 135 135 136 136 137 137 137 139 139 141 141 140 141 140 141 141 139 139 139 139 137 137 137 137 132 129 128 126 126 127 129 129 128
127 128 132 139 143 146 148 148 141 136 130 124 122 123 126 129 131 130 130 130 130 130 130 130 130 132 132 132 132 133 133 134 136 136 135 135 134 133 133 133 132 130 129 128 126 125 124 124 128 130 130 130 132 132 132 132 133 133 134 134 135 135 136 136 137 137 137 136 135 135 134 134 133 133 134 134 135 136 136 137 136 136 136 137 138 137 139 139 140 140 140 140 141 140 140 141 139 139 139 139 137 137 137 137 132 129 128 126 126 127 128 129 128
127 128 129 135 141 145 147 148 141 136 131 124 122 123 126 130 131 130 130 130 130 130 130 130 130 132 132 132 132 133 133 134 135 135 135 134 134 133 132 132 130 130 129 128 127 126 126 125 129 130 130 130 132 132 132 133 133 133 134 134 135 135 136 136 137 137 137 136 135 135 134 134 134 134 134 135 136 136 137 137 136 136 137 138 137 139 139 139 140 140 141 141 141 140 140 140 139 139 139 139 137 137 137 137 132 129 128 126 126 127 129 129 128
128 129 129 131 138 142 145 148 142 137 132 126 123 124 127 130 132 132 132 132 132 132 132 132 130 132 132 132 132 133 133 134 135 134 134 134 133 132 132 132 130 129 129 129 128 128 127 127 129 130 130 131 132 132 133 133 133 133 134 134 135 135 136 136 137 137 137 136 135 135 134 134 134 135 135 136 136 137 137 137 137 137 138 137 139 139 139 139 140 140 140 140 140 140 140 141 139 139 139 139 137 137 137 137 132 129 128 126 126 128 128 130 128
128 128 129 130 136 140 145 147 142 137 132 126 124 125 128 130 132 132 132 132 132 132 132 132 130 132 132 132 132 133 133 134 134 134 133 133 133 133 132 132 130 129 129 129 129 129 129 129 130 130 131 130 131 133 132 132 133 133 134 134 135 135 136 136 137 137 137 136 135 135 134 134 135 135 136 136 137 137 137 137 137 138 137 139 139 139 140 141 141 140 140 141 140 140 141 141 139 139 139 139 137 137 137 137 132 129 128 126 126 128 129 129 128
128 128 128 129 134 139 145 148 143 138 132 126 124 124 128 130 132 132 132 132 132 132 132 132 132 132 132 132 132 133 133 134 134 133 133 133 132 132 131 131 130 129 129 129 130 130 130 130 130 130 130 130 132 132 132 132 133 133 134 134 135 135 136 136 137 137 137 136 135 135 134 134 135 136 136 137 137 137 139 139 138 137 139 139 139 140 141 141 140 140 140 140 141 140 141 141 139 139 139 139 137 137 137 137 132 129 128 126 126 128 128 130 128
128 128 128 129 130 138 144 148 143 137 133 127 124 125 128 132 133 132 132 132 132 132 132 132 132 132 132 132 132 133 133 134 133 133 133 132 132 132 131 131 129 129 129 129 130 131 131 130 130 130 130 130 132 132 132 132 133 133 134 134 135 135 136 136 137 137 137 136 135 135 134 134 135 136 136 137 137 137 139 139 138 137 139 139 139 141 141 141 140 141 140 140 141 140 141 140 139 139 139 139 137 137 137 137 132 129 128 126 127 128 129 129 128
129 128 128 128 128 134 140 145 145 140 134 128 124 125 129 132 133 134 134 134 134 134 134 134 132 130 129 129 129 129 130 132 130 130 130 131 131 131 132 132 132 132 132 132 132 132 132 132 132 132 133 133 133 133 133 133 133 133 134 134 135 135 136 136 137 137 137 137 137 137 136 136 137 137 137 137 139 138 139 139 139 139 139 139 140 141 141 141 141 141 141 141 140 140 140 140 141 141 139 138 138 137 136 136 131 128 128 128 128 128 128 128 128
129 129 128 128 128 131 139 142 145 142 135 129 126 125 129 132 133 133 133 133 133 133 133 133 132 130 129 127 127 128 130 132 130 129 129 130 131 131 132 132 132 132 133 133 132 132 132 133 133 133 133 133 133 133 133 133 133 133 134 134 135 135 136 136 137 137 137 137 137 137 137 137 137 137 137 137 138 139 139 139 139 139 139 139 140 141 141 141 140 140 140 140 140 140 140 140 141 141 139 138 137 137 135 135 130 128 128 128 128 128 128 128 128
129 129 128 128 128 130 136 140 144 141 135 129 126 126 129 132 133 133 133 133 133 133 133 133 132 130 129 127 127 128 130 132 130 129 130 130 131 132 132 133 133 133 133 132 132 132 133 133 133 134 134 134 134 134 134 134 133 133 134 134 135 135 136 136 137 137 137 137 137 137 137 137 137 137 137 137 138 139 139 139 138 138 139 139 140 141 141 141 140 140 140 140 140 140 140 140 141 141 139 138 137 137 135 135 130 128 128 128 128 128 128 128 128
129 128 128 128 128 129 130 137 142 141 135 130 127 127 129 131 132 133 133 133 133 133 133 133 132 131 129 127 127 128 130 132 130 130 130 131 132 132 133 132 133 133 133 133 133 133 133 133 134 134 134 134 134 134 134 134 133 133 134 134 135 135 136 136 137 137 137 137 137 137 137 137 137 137 137 137 138 139 139 139 139 139 139 139 140 141 141 141 141 140 140 140 140 140 140 140 141 141 139 138 137 137 135 135 130 128 128 128 128 128 128 128 128
128 128 128 128 129 129 129 134 140 139 135 132 128 127 129 130 132 132 132 132 132 132 132 132 132 131 129 127 127 128 130 132 131 130 130 132 132 132 133 133 134 134 134 134 134 134 134 134 135 135 135 135 135 135 135 135 133 133 134 134 135 135 136 136 137 137 137 137 137 137 137 137 137 137 137 137 138 139 139 139 139 138 139 139 140 141 141 141 141 140 140 140 140 140 140 140 141 141 139 138 137 137 135 135 130 128 128 128 128 128 128 128 128
128 128 128 128 129 128 129 130 139 139 136 132 130 128 128 129 132 132 132 132 132 132 132 132 132 130 129 127 127 128 130 132 130 130 132 132 132 133 133 133 134 134 134 134 134 134 134 134 135 135 135 135 135 135 135 135 134 133 134 134 135 135 136 136 137 137 137 137 137 137 137 137 137 137 137 137 138 139 139 139 138 139 139 139 141 141 141 141 141 140 140 140 140 140 140 140 141 141 139 138 137 137 135 135 130 128 128 128 128 128 128 128 128
127 128 128 128 128 128 128 129 131 138 136 133 130 128 128 128 130 132 132 132 132 132 132 132 132 130 129 127 127 128 130 132 131 132 132 132 133 133 134 134 135 135 135 135 135 135 135 135 136 136 136 136 136 136 136 136 134 133 134 134 135 135 136 136 137 137 137 137 137 137 137 137 137 137 137 137 138 139 139 139 139 139 139 139 141 141 141 141 140 140 140 140 140 140 140 140 141 141 139 138 137 137 135 135 130 128 128 128 128 128 128 128 128
126 127 128 128 128 128 127 128 130 137 136 133 130 129 128 127 130 131 131 131 131 131 131 131 132 131 129 127 127 128 130 132 132 132 132 133 133 133 134 134 135 135 135 135 135 135 135 135 136 136 136 136 136 136 136 136 134 133 134 134 135 135 136 136 137 137 137 137 137 137 137 137 137 137 137 137 138 139 139 139 139 139 139 139 140 141 141 141 140 140 140 140 140 140 140 140 141 141 139 138 137 137 135 135 129 128 128 128 128 128 128 128 128
128 128 128 128 128 128 128 128 129 129 131 130 130 129 129 129 129 130 130 130 130 130 132 132 132 131 130 129 129 130 132 134 133 133 133 133 134 135 135 136 136 136 136 136 136 136 136 136 137 137 137 137 137 137 137 137 135 135 135 135 135 135 135 135 137 137 137 137 138 138 137 137 137 139 139 139 139 139 139 139 141 140 140 141 141 141 141 141 141 141 141 141 141 141 141 141 140 140 141 141 139 136 133 129 128 128 128 128 128 128 128 128 128
128 128 128 128 128 128 128 128 129 129 128 129 129 129 129 129 129 129 130 130 130 130 132 132 132 131 130 129 130 132 133 135 134 133 134 134 135 135 136 136 136 136 136 136 136 136 136 136 137 137 137 137 137 137 137 137 136 136 136 136 136 136 136 136 137 137 137 137 138 137 137 137 139 139 139 139 139 139 139 139 140 141 141 141 141 141 141 141 141 141 141 141 141 141 141 141 141 141 141 140 139 135 130 128 128 128 128 128 128 128 128 128 128
128 128 128 128 128 128 128 128 128 128 129 129 129 129 129 129 129 129 130 130 130 130 132 132 132 131 130 129 130 132 133 135 134 133 134 134 135 135 136 136 136 136 136 136 136 136 136 136 137 137 137 137 137 137 137 137 136 136 136 136 136 136 136 136 137 137 137 138 138 137 137 137 139 139 139 139 139 139 139 139 140 141 141 141 141 141 141 141 141 141 141 141 141 141 141 141 141 142 141 139 137 133 128 126 128 128 128 128 128 128 128 128 128
128 128 128 128 128 128 128 128 129 128 128 128 129 129 129 129 129 129 130 130 130 130 132 132 132 130 130 129 130 132 133 135 134 133 134 134 135 135 136 136 136 136 136 136 136 136 136 136 137 137 137 137 137 137 137 137 137 137 137 137 137 137 137 137 137 137 138 138 137 137 137 137 139 139 139 139 139 139 139 139 141 141 141 141 141 141 141 141 141 141 141 141 141 141 141 141 142 142 141 138 134 129 128 125 128 128 128 128 128 128 128 128 128
128 128 128 128 128 128 128 128 128 128 128 128 129 129 129 129 129 129 130 130 130 130 132 132 132 130 130 129 130 132 133 135 134 133 134 134 135 135 136 136 136 136 136 136 136 136 136 136 137 137 137 137 137 137 137 137 137 137 137 137 137 137 137 137 137 138 138 137 137 137 138 138 139 141 141 141 141 141 141 141 141 141 141 141 141 141 141 141 141 141 141 141 141 141 141 141 142 141 138 136 129 128 127 125 128 128 128 128 128 128 128 128 128
128 128 128 128 128 128 128 128 128 128 128 128 128 129 129 129 129 129 130 130 130 130 132 132 132 130 130 129 130 132 133 135 134 133 134 134 135 135 136 136 136 136 136 136 136 136 136 136 137 137 137 137 137 137 137 137 137 137 137 137 137 137 137 137 138 138 137 137 137 138 138 137 141 141 141 141 141 141 141 141 141 141 141 141 141 141 141 141 141 141 141 141 141 141 141 141 141 139 136 130 129 128 128 128 128 128 128 128 128 128 128 128 128
128 128 128 128 128 128 128 128 128 128 128 128 129 128 128 129 129 129 130 130 130 130 132 132 132 130 130 129 130 132 133 135 134 133 134 134 135 135 136 136 136 136 136 136 136 136 136 136 137 137 137 137 137 137 137 137 137 138 138 138 138 138 138 138 138 137 137 137 138 138 137 137 140 141 141 141 141 141 141 141 141 141 141 141 141 141 141 141 141 141 141 141 141 141 141 141 137 136 130 131 128 128 128 129 128 128 128 128 128 128 128 128 128
128 128 128 128 128 128 128 128 128 128 128 128 129 128 129 128 129 129 130 130 130 130 132 132 132 131 130 129 130 132 133 135 134 133 134 134 135 135 136 136 136 136 136 136 136 136 136 136 137 137 137 137 137 137 137 137 137 138 138 138 138 138 138 138 137 137 137 137 138 137 137 137 140 141 141 141 141 141 141 141 141 141 141 141 141 141 141 141 141 141 141 141 141 141 141 141 136 132 131 128 128 128 129 129 128 128 128 128 128 128 128 128 128
128 128 128 128 128 128 128 128 128 128 128 128 128 128 128 128 128 129 130 130 130 132 132 133 132 132 132 131 131 132 132 132 132 132 133 133 133 133 134 134 135 135 135 135 135 135 135 135 137 137 137 137 137 137 137 137 137 137 137 138 138 139 139 141 139 139 139 139 139 139 139 139 142 142 142 141 141 140 140 140 142 143 142 142 141 140 140 140 137 139 141 142 143 141 139 139 129 128 128 128 128 128 128 128 128 128 128 128 128 128 128 128 128
128 128 128 128 128 128 128 128 128 128 128 128 128 128 128 128 128 128 130 130 130 132 132 132 132 132 132 132 132 132 132 132 131 132 132 132 133 133 133 134 135 135 135 135 135 135 135 135 137 137 137 137 137 137 137 137 137 137 138 138 139 139 140 140 141 140 140 140 140 140 140 140 142 142 142 141 141 140 140 139 142 143 142 142 141 140 140 139 137 139 140 142 142 139 138 130 129 128 128 128 128 128 128 128 128 128 128 128 128 128 128 128 128
128 128 128 128 128 128 128 128 128 128 128 128 128 128 128 128 128 128 128 130 130 130 132 132 132 132 132 132 132 132 132 132 131 132 132 132 133 133 133 134 135 135 135 135 135 135 135 135 137 137 137 137 137 137 137 137 138 138 138 139 139 140 140 141 141 140 140 140 140 140 140 140 142 142 142 141 141 140 141 139 141 142 142 141 141 140 139 139 139 139 141 141 139 137 132 129 128 128 128 128 128 128 128 128 128 128 128 128 128 128 128 128 128
128 128 128 128 128 128 128 128 128 128 128 128 128 128 128 128 128 128 128 129 130 130 130 130 132 132 132 132 132 132 132 132 131 132 132 132 133 133 133 134 135 135 135 135 135 135 135 135 137 137 138 138 137 137 137 137 139 139 139 139 140 140 141 141 141 141 141 141 141 141 141 141 142 142 142 141 141 141 141 139 141 142 141 141 140 139 139 138 139 139 139 137 136 132 129 129 128 128 128 128 128 128 128 128 128 128 128 128 128 128 128 128 128
128 128 128 128 128 128 128 128 128 128 128 128 128 128 128 128 128 128 128 128 128 130 130 130 132 132 132 132 132 132 132 132 131 132 132 132 133 133 133 134 135 135 135 135 135 135 135 135 137 138 138 139 139 139 138 138 139 139 139 140 141 141 142 142 141 141 141 141 141 141 141 141 143 142 142 141 141 140 140 139 141 141 141 140 139 139 138 138 139 138 137 135 129 129 128 128 128 128 128 128 128 128 128 128 128 128 128 128 128 128 128 128 128
128 128 128 128 128 128 128 128 128 128 128 128 128 128 128 128 128 128 128 128 128 129 130 130 132 132 132 132 132 132 132 132 131 132 132 132 133 133 133 134 135 135 135 135 135 135 135 135 137 138 139 139 139 138 138 139 139 139 141 141 141 142 142 142 142 142 142 142 142 142 142 142 143 142 142 141 141 140 140 139 141 140 140 139 139 138 137 137 137 136 133 131 128 128 128 128 128 128 128 128 128 128 128 128 128 128 128 128 128 128 128 128 128
128 128 128 128 128 128 128 128 128 128 128 128 128 128 128 128 128 127 128 128 128 129 129 129 132 132 132 132 132 132 132 132 131 132 132 132 133 133 133 134 135 135 135 135 135 135 135 135 138 139 139 139 139 139 139 139 139 140 140 141 142 142 143 143 142 142 142 142 142 142 142 142 143 142 142 141 141 140 140 139 141 140 139 139 138 137 137 137 134 130 128 127 127 127 128 128 128 128 128 128 128 128 128 128 128 128 128 128 128 128 128 128 128
128 128 128 128 128 128 128 128 128 128 128 128 128 128 128 128 128 127 128 128 128 128 129 128 130 132 132 132 132 132 132 132 131 132 132 132 133 133 133 134 135 135 135 135 135 135 135 135 138 139 139 139 139 139 139 139 140 140 141 141 142 142 143 143 143 143 143 143 143 143 143 143 143 142 142 141 141 140 140 139 141 140 139 138 138 137 137 137 129 130 128 126 125 127 128 128 128 128 128 128 128 128 128 128 128 128 128 128 128 128 128 128 128
128 128 128 128 128 128 128 128 128 128 128 128 128 128 128 128 128 128 128 128 128 128 128 128 129 128 130 130 130 132 132 133 133 133 133 133 134 134 134 134 133 133 132 133 133 134 134 134 137 137 137 137 138 138 139 139 139 139 139 139 140 140 140 140 139 141 141 141 141 141 141 142 139 139 139 139 139 139 140 141 139 139 138 137 136 134 130 131 129 128 128 128 128 128 128 128 128 128 128 128 128 128 128 128 128 128 128 128 128 128 128 128 128
128 128 128 128 128 128 128 128 128 128 128 128 128 128 128 128 128 128 128 128 128 128 128 128 128 128 129 130 130 132 132 132 133 134 134 134 134 134 134 134 132 133 132 133 134 134 135 135 136 137 137 137 138 138 139 139 140 140 140 140 140 140 140 140 140 141 141 141 141 141 141 141 139 139 139 139 138 139 139 139 139 137 137 135 134 129 131 129 128 128 128 128 128 128 128 128 128 128 128 128 128 128 128 128 128 128 128 128 128 128 128 128 128
128 128 128 128 128 128 128 128 128 128 128 128 128 128 128 128 128 128 128 128 128 128 128 128 128 129 129 128 130 129 132 132 133 133 133 133 133 133 133 133 133 134 134 134 135 136 136 137 137 137 137 137 138 138 139 139 141 142 142 142 142 142 142 142 141 141 141 141 141 141 141 141 141 141 141 139 138 137 137 137 135 135 134 132 130 129 130 128 128 128 128 128 128 128 128 128 128 128 128 128 128 128 128 128 128 128 128 128 128 128 128 128 128
128 128 128 128 128 128 128 128 128 128 128 128 128 128 128 128 128 128 128 128 128 128 128 128 128 128 128 128 130 129 130 129 132 133 133 133 133 133 133 133 134 135 135 136 137 137 137 137 137 137 137 137 138 138 139 139 141 142 142 142 142 142 142 142 142 142 142 142 141 141 141 140 142 142 140 139 137 136 135 134 132 132 129 130 129 128 128 127 128 128 128 128 128 128 128 128 128 128 128 128 128 128 128 128 128 128 128 128 128 128 128 128 128
128 128 128 128 128 128 128 128 128 128 128 128 128 128 128 128 128 128 128 128 128 128 128 128 128 128 128 128 128 128 128 129 130 129 130 130 130 130 130 130 134 135 136 136 137 137 137 139 137 137 137 137 138 138 139 139 141 142 142 142 142 142 142 142 142 142 141 141 141 141 139 139 140 140 139 137 135 133 132 129 128 128 128 128 128 128 128 127 128 128 128 128 128 128 128 128 128 128 128 128 128 128 128 128 128 128 128 128 128 128 128 128 128
128 128 128 128 128 128 128 128 128 128 128 128 128 128 128 128 128 128 128 128 128 128 128 128 128 128 128 128 128 128 128 128 129 130 129 129 129 130 130 130 133 134 134 135 136 136 137 137 137 137 137 137 138 138 139 139 140 141 141 141 141 141 141 141 141 141 140 139 139 137 136 136 136 136 135 133 132 129 131 128 128 128 128 128 128 128 128 128 128 128 128 128 128 128 128 128 128 128 128 128 128 128 128 128 128 128 128 128 128 128 128 128 128
128 128 128 128 128 128 128 128 128 128 128 128 128 128 128 128 128 128 128 128 128 128 128 128 128 127 128 128 128 128 128 128 128 129 128 128 128 129 129 128 132 133 133 133 134 135 135 136 137 137 137 137 138 138 139 139 138 138 138 138 138 138 138 138 139 139 139 137 136 134 133 133 131 129 128 130 130 129 128 129 128 128 128 128 128 128 128 128 128 128 128 128 128 128 128 128 128 128 128 128 128 128 128 128 128 128 128 128 128 128 128 128 128
128 128 128 128 128 128 128 128 128 128 128 128 128 128 128 128 128 128 128 128 128 128 128 128 128 127 128 128 128 128 128 128 129 128 128 128 128 128 128 128 129 129 132 132 133 133 134 134 136 137 137 137 138 138 139 139 137 137 137 137 137 137 137 137 138 139 138 136 134 132 129 131 127 127 127 127 127 128 128 128 128 128 128 128 129 129 129 129 128 128 128 128 128 128 128 128 128 128 128 128 128 128 128 128 128 128 128 128 128 128 128 128 128
128 128 128 128 128 128 128 128 128 128 128 128 128 128 128 128 128 128 128 128 128 128 128 128 128 128 128 128 128 128 128 128 128 128 128 128 128 128 128 128 128 128 128 128 128 129 129 129 129 130 132 132 134 136 137 137 136 136 135 134 133 132 132 132 129 129 129 129 129 128 128 128 128 128 128 128 128 128 128 128 128 128 128 128 128 128 128 128 128 128 128 128 128 128 128 128 128 128 128 128 128 128 128 128 128 128 128 128 128 128 128 128 128
