128 128 128 128 128 128 128 128 128 128 128 128 128 128 128 128 128 128 128 128 128 128 128 128 128 128 128 126 125 125 126 126 124 125 128 129 129 129 129 128 129 130 129 129 126 122 119 117 101 90 87 83 80 75 73 71 69 69 70 72 75 78 80 84 103 110 116 121 124 126 131 129 129 128 129 129 129 129 127 126 126 126 127 128 128 129 129 129 128 128 128 128 128 128 128 128 128 128 128 128 128 128 128 128 128 128 128 128 128 128 128 128 128
128 128 128 128 128 128 128 128 128 128 128 128 128 128 128 128 128 128 128 128 128 128 128 128 128 128 128 127 127 126 127 127 127 128 128 129 128 129 127 125 120 119 117 113 109 106 103 101 93 88 86 82 79 75 72 70 69 69 70 72 74 76 78 79 84 90 96 100 102 106 115 122 126 128 128 130 128 128 127 126 126 127 127 128 128 128 128 128 128 128 128 128 128 128 128 128 128 128 128 128 128 128 128 128 128 128 128 128 128 128 128 128 128
128 128 128 128 128 128 128 128 128 128 128 128 128 128 128 128 128 128 128 128 128 128 128 128 128 128 128 128 128 128 128 128 129 129 129 129 127 123 119 117 104 100 98 96 94 91 88 87 87 87 84 82 77 73 71 69 69 69 70 71 72 72 74 74 68 70 76 80 81 86 94 102 117 122 126 127 128 128 129 128 128 128 128 128 128 128 128 128 128 128 128 128 128 128 128 128 128 128 128 128 128 128 128 128 128 128 128 128 128 128 128 128 128
128 128 128 128 128 128 128 128 128 128 128 128 128 128 128 128 128 128 128 128 128 128 128 128 128 129 128 128 128 128 129 129 129 128 126 123 119 112 107 104 99 96 95 94 92 90 88 87 86 84 82 80 76 73 71 69 69 70 70 70 70 69 69 69 67 69 74 77 79 83 92 101 113 119 121 124 128 130 129 128 128 128 128 128 129 128 128 128 128 128 128 128 128 128 128 128 128 128 128 128 128 128 128 128 128 128 128 128 128 128 128 128 128
128 128 128 128 128 128 128 128 128 128 128 128 128 128 128 128 128 128 128 128 128 128 128 128 128 129 128 129 131 128 128 126 123 121 116 111 105 100 95 94 96 97 96 95 93 91 90 89 86 83 81 79 76 73 71 69 70 71 70 69 69 69 67 67 70 75 79 81 82 87 96 107 112 115 119 124 128 131 132 129 131 128 128 130 128 128 128 127 128 128 128 128 128 128 128 128 128 128 128 128 128 128 128 128 128 128 128 128 128 128 128 128 128
128 128 128 128 128 128 128 128 128 128 128 128 128 128 128 128 128 128 128 128 128 128 128 128 128 129 128 130 129 126 121 118 111 107 103 100 95 94 92 91 95 95 94 91 88 87 85 84 84 83 81 80 77 75 73 72 71 70 70 69 69 69 69 69 69 72 76 77 78 84 95 105 112 115 120 124 129 132 133 134 132 129 129 128 128 128 127 127 128 128 128 128 128 128 128 128 128 128 128 128 128 128 128 128 128 128 128 128 128 128 128 128 128
128 128 128 128 128 128 128 128 128 128 128 128 128 128 128 128 128 128 128 128 128 128 128 128 127 127 128 128 125 120 113 109 102 98 95 94 94 95 96 98 98 97 95 92 88 86 83 82 84 84 82 80 78 76 76 74 71 70 70 70 70 70 70 70 69 71 74 74 76 82 94 104 114 119 122 126 130 133 135 135 134 133 132 129 129 128 127 126 128 128 128 128 128 128 128 128 128 128 128 128 128 128 128 128 128 128 128 128 128 128 128 128 128
128 128 128 128 128 128 128 128 128 128 128 128 128 128 128 128 128 128 128 128 128 128 128 128 126 126 127 127 122 115 107 102 96 95 94 94 95 99 103 107 108 109 106 103 98 94 90 88 86 85 83 82 80 78 76 76 71 70 70 71 72 72 72 72 75 76 78 78 79 85 97 109 117 120 123 128 131 133 135 135 135 134 133 131 131 129 127 126 128 128 128 128 128 128 128 128 128 128 128 128 128 128 128 128 128 128 128 128 128 128 128 128 128
128 128 128 128 128 128 128 128 128 128 128 128 128 128 128 128 127 127 127 128 128 128 128 129 125 123 122 120 116 110 103 100 94 94 96 99 103 104 106 108 110 112 113 113 112 105 99 95 89 84 80 78 80 80 77 74 73 74 72 72 71 71 70 70 71 71 72 74 80 89 101 110 117 120 123 127 131 133 133 134 134 134 134 133 133 133 133 129 131 129 129 129 129 129 129 129 128 128 128 128 128 128 128 128 128 128 128 128 128 128 128 128 128
128 128 128 128 128 128 128 128 128 128 128 128 128 128 128 128 127 127 127 127 127 127 127 128 124 122 120 117 113 108 103 100 95 95 100 104 106 107 108 108 109 111 114 115 113 108 103 98 91 84 79 77 79 80 77 72 74 74 74 72 71 70 69 69 69 69 69 73 80 90 101 109 115 119 122 126 130 131 132 132 132 134 134 134 135 135 136 136 129 130 128 128 128 128 128 127 128 128 128 128 128 128 128 128 128 128 128 128 128 128 128 128 128
128 128 128 128 128 128 128 128 128 128 128 128 128 128 128 128 128 128 127 127 126 126 126 126 121 120 118 116 112 107 103 99 96 99 102 105 107 109 110 109 107 109 111 113 113 110 105 103 94 87 81 77 79 80 78 74 74 74 74 72 72 71 70 69 69 69 69 72 79 88 100 107 114 117 121 125 128 130 130 132 132 134 134 134 135 136 136 136 130 129 129 128 128 127 126 126 127 128 128 128 128 128 128 128 128 128 128 128 128 128 128 128 128
128 128 128 128 128 128 128 128 128 128 128 128 128 128 128 128 128 128 127 126 126 125 123 127 119 117 117 114 111 106 102 98 99 102 104 107 109 110 111 110 106 107 110 111 112 111 109 107 97 89 82 78 79 80 78 75 75 75 74 74 72 71 70 70 69 69 68 71 77 87 98 105 112 115 119 123 126 128 129 129 132 134 134 134 134 135 136 136 133 131 129 129 128 128 128 128 128 128 128 128 128 128 128 128 128 128 128 128 128 128 128 128 128
128 128 128 128 128 128 128 128 128 128 128 128 128 128 128 128 128 128 127 126 124 122 120 119 115 115 114 112 110 105 101 97 100 103 106 108 110 111 110 110 107 107 109 111 111 111 111 111 101 92 83 78 79 80 78 76 76 76 75 74 72 72 71 70 69 68 68 70 76 86 96 103 110 113 117 120 123 125 126 127 130 132 132 132 134 134 134 134 134 133 131 129 129 129 128 128 128 128 128 128 128 128 128 128 128 128 128 128 128 128 128 128 128
128 128 128 128 128 128 128 128 128 128 128 128 128 128 128 128 128 128 128 126 123 120 118 117 113 112 111 111 108 103 100 97 100 103 106 108 110 110 110 109 108 108 109 111 111 111 111 111 103 95 85 78 78 80 79 77 77 76 75 74 74 72 72 71 69 68 68 69 75 84 94 101 108 111 114 119 122 122 124 124 128 129 130 130 131 132 132 132 133 132 129 126 126 127 128 128 128 128 128 128 128 128 128 128 128 128 128 128 128 128 128 128 128
128 128 128 128 128 128 128 128 128 128 128 128 128 128 128 128 128 128 128 125 121 118 115 114 111 111 110 109 106 103 99 99 100 103 105 107 108 109 108 107 111 111 111 111 110 111 111 111 105 96 86 79 78 80 80 78 77 77 76 75 74 72 72 72 69 68 66 69 74 83 93 99 106 109 112 117 120 121 122 123 125 126 126 127 128 128 129 129 128 125 122 119 118 119 122 124 127 128 128 128 128 128 128 128 128 128 128 128 128 128 128 128 128
128 128 128 128 128 128 128 128 128 128 128 128 128 128 128 128 130 128 128 125 121 117 114 112 110 109 109 108 105 102 98 99 100 102 104 106 107 107 106 105 111 113 111 111 110 110 110 111 107 98 87 80 78 80 80 79 78 77 76 75 74 72 72 72 69 68 66 69 73 82 92 98 104 108 111 115 119 120 121 121 124 125 125 125 126 126 126 127 123 119 114 111 110 111 114 116 126 128 128 128 128 128 128 128 128 128 128 128 128 128 128 128 128
128 128 128 128 128 128 128 128 128 128 128 128 128 127 127 127 127 127 128 128 125 120 115 111 106 104 104 104 103 101 98 96 100 103 106 108 110 111 111 110 113 113 115 115 115 114 112 112 106 97 91 86 83 82 83 83 81 80 79 78 76 74 73 73 69 68 67 67 71 78 86 91 101 105 109 111 115 115 117 116 117 120 122 125 126 125 122 120 117 113 108 103 100 99 100 102 120 126 128 129 129 129 128 126 127 128 128 128 128 128 128 128 128
128 128 128 128 128 128 128 128 128 128 128 128 128 127 127 127 123 124 127 128 127 122 117 112 105 103 103 102 100 98 96 95 103 103 107 110 112 113 113 114 114 115 116 117 118 116 114 112 105 97 94 89 86 85 85 85 83 81 80 79 77 75 74 74 69 68 67 67 70 76 83 87 97 102 105 109 111 113 114 113 116 119 121 123 123 121 118 114 114 110 101 94 91 95 101 107 120 126 128 130 129 129 128 126 127 128 128 128 128 128 128 128 128
128 128 128 128 128 128 128 128 128 128 128 128 128 127 126 126 123 123 125 127 126 124 120 117 107 103 102 99 97 95 94 93 102 105 108 111 114 115 115 115 115 116 118 118 119 117 115 113 104 98 95 91 89 88 87 87 85 83 82 81 79 77 76 76 72 69 68 69 71 76 81 86 93 95 100 103 107 110 111 111 113 115 117 119 117 114 110 107 107 102 92 85 86 95 111 122 124 125 126 128 128 128 127 126 127 128 128 128 128 128 128 128 128
128 128 128 128 128 128 128 128 128 128 128 128 128 126 126 126 121 121 124 125 126 125 122 121 109 104 102 98 95 93 91 91 100 106 110 112 115 117 118 118 118 118 118 119 119 118 115 113 103 99 97 95 92 90 89 89 87 86 84 83 80 79 78 77 73 72 71 71 73 76 80 82 87 89 94 98 102 104 106 107 109 111 111 111 109 106 102 98 95 91 87 87 92 103 118 128 124 123 124 125 127 127 127 127 128 128 128 128 128 128 128 128 128
128 128 128 128 128 128 128 128 128 128 128 127 126 126 125 125 121 121 123 125 126 126 124 124 113 108 104 99 95 93 91 91 100 104 110 113 115 118 119 118 118 118 119 119 120 117 114 112 103 101 100 98 96 95 93 92 89 88 87 85 83 81 81 80 76 75 73 74 74 76 77 79 80 83 87 92 95 98 99 99 102 103 103 102 100 96 93 91 82 83 90 99 108 116 122 124 122 121 122 124 125 127 127 128 128 128 128 128 128 128 128 128 128
128 128 128 128 128 128 128 128 128 127 127 126 126 125 125 124 123 123 124 124 125 125 125 125 118 114 109 103 97 94 93 93 99 103 107 111 115 116 118 119 118 118 118 118 117 114 112 110 103 102 102 102 101 99 97 95 92 90 89 88 86 84 82 81 78 77 77 76 76 76 75 75 77 79 82 86 88 90 90 91 94 95 94 92 90 88 87 86 81 87 100 112 122 123 122 118 119 120 120 121 122 126 127 129 128 128 128 128 128 128 128 128 128
128 128 128 128 128 128 128 128 127 127 126 126 125 125 124 125 126 126 124 124 125 125 125 125 124 120 114 106 101 97 96 97 98 101 104 109 114 116 118 118 117 117 117 117 115 112 109 106 104 103 104 105 104 103 100 97 94 92 91 89 87 86 84 83 80 80 79 78 76 76 73 73 74 77 79 82 83 84 83 82 86 87 86 84 83 82 82 82 92 101 111 119 126 125 121 118 119 119 119 119 120 123 127 129 128 128 128 128 128 128 128 128 128
128 128 128 128 128 128 128 128 127 127 126 125 126 125 124 124 126 127 126 124 123 123 124 125 128 124 118 110 103 100 99 100 98 101 104 108 112 115 117 117 116 116 116 116 113 111 107 105 104 104 106 107 107 104 102 99 95 93 92 90 88 87 85 84 81 80 80 79 77 76 73 71 74 76 78 79 80 80 78 77 80 81 80 80 79 80 80 80 105 115 117 120 122 122 122 121 119 118 118 118 119 123 128 128 128 128 128 128 128 128 128 128 128
127 127 128 128 128 128 128 129 127 127 125 126 125 125 125 125 124 124 123 123 123 123 123 123 125 126 124 121 115 109 103 98 100 100 103 105 108 110 111 112 114 114 113 113 111 109 108 107 109 111 110 109 107 106 104 103 99 97 95 94 90 87 86 85 84 84 85 84 82 80 77 75 74 74 75 75 75 75 75 75 78 76 75 73 76 83 92 99 117 123 122 122 122 121 121 121 119 119 119 119 119 121 122 123 124 126 127 128 128 128 127 127 127
128 127 128 128 128 129 128 129 127 125 125 125 125 125 125 125 123 123 123 123 123 123 123 123 125 125 126 124 121 114 107 103 103 104 106 108 110 111 113 114 115 115 115 113 112 111 111 111 111 111 111 108 107 106 104 103 101 99 97 95 92 89 87 87 85 85 85 85 84 80 78 76 76 76 76 76 76 74 74 74 72 71 72 76 83 94 105 114 122 123 122 122 122 121 120 120 119 119 119 119 119 120 120 121 125 126 128 129 128 128 127 126 127
128 128 128 128 128 128 128 128 127 125 125 125 125 125 125 125 124 123 123 123 123 123 123 123 124 124 126 126 124 119 113 110 108 110 111 112 113 115 116 116 118 118 117 117 116 115 114 114 111 111 110 108 107 106 104 104 103 102 101 98 95 93 91 90 86 86 86 85 84 81 79 76 78 78 78 77 75 74 74 74 68 69 76 86 97 109 119 125 124 122 122 122 121 121 120 119 119 119 119 119 119 120 120 121 127 128 128 128 128 128 127 126 127
128 128 128 127 127 127 127 127 125 123 123 123 123 123 123 123 124 124 124 124 124 124 124 124 122 124 125 126 125 123 120 118 113 112 113 114 115 115 115 116 116 117 117 116 116 115 115 115 111 111 110 109 109 108 107 106 107 106 104 103 101 99 97 96 89 88 88 88 87 84 81 80 80 80 79 77 76 74 74 72 73 77 87 100 111 120 126 129 124 121 121 121 120 119 119 118 118 119 119 119 119 120 120 121 126 129 130 128 128 128 127 126 127
128 128 128 127 126 126 126 125 124 124 124 124 124 124 124 124 124 124 124 124 124 124 124 124 123 124 126 126 127 126 126 125 116 113 113 112 113 113 113 114 114 114 114 113 114 115 115 115 113 113 112 112 112 111 111 111 112 112 111 110 108 106 104 104 96 95 95 95 94 91 88 86 83 82 81 81 79 78 77 77 87 95 104 114 121 124 124 124 121 120 120 119 119 118 118 118 118 118 118 119 119 120 120 121 125 126 127 128 128 128 127 127 127
128 128 128 127 126 126 125 124 123 123 123 123 123 123 123 123 124 124 124 124 124 124 124 124 123 123 124 126 127 128 128 128 119 116 115 115 114 112 112 112 113 113 113 113 114 114 115 115 117 119 117 117 118 118 118 118 119 119 117 117 116 114 113 113 107 105 106 105 104 102 98 96 91 89 89 89 89 89 89 89 105 113 118 122 124 123 121 118 119 119 119 118 118 118 117 117 118 118 118 119 119 120 120 121 120 121 124 126 128 128 128 128 128
128 128 128 127 126 124 124 122 123 122 122 122 122 122 122 122 124 124 124 124 124 124 124 124 123 123 124 124 125 127 128 129 125 124 122 120 119 117 117 116 116 117 117 117 119 119 120 120 123 124 124 124 124 124 125 125 125 125 125 124 123 122 121 121 117 116 117 116 115 112 109 107 103 103 103 105 106 107 108 109 118 122 123 123 122 122 120 119 118 118 118 118 117 117 115 115 117 118 118 119 119 120 120 121 115 115 119 123 126 128 128 128 128
128 128 128 127 126 124 124 122 122 122 122 122 122 122 122 122 124 126 126 126 126 126 126 126 125 123 124 124 124 125 127 128 131 130 130 128 126 124 122 121 121 122 123 123 125 125 126 127 127 128 128 128 129 130 130 130 130 129 129 128 127 126 126 126 124 124 124 124 122 119 117 115 115 116 117 118 120 123 124 125 125 124 123 121 121 121 123 124 119 118 118 117 116 115 115 115 117 118 118 119 119 120 120 121 111 111 115 120 125 127 128 128 128
128 128 128 129 126 124 121 119 122 122 121 121 121 122 122 122 125 125 125 125 125 125 125 125 126 126 126 126 126 126 127 127 128 129 128 128 127 126 126 126 126 127 127 127 127 128 128 128 128 128 128 128 127 127 127 127 127 127 127 127 127 126 126 126 125 125 125 125 125 125 123 123 123 122 123 123 124 124 124 124 125 125 124 122 122 122 121 121 119 118 118 118 118 118 118 118 119 119 118 119 119 120 122 123 117 105 97 102 119 129 132 126 127
129 129 128 129 127 126 122 119 121 122 121 121 121 122 122 122 125 126 126 126 126 126 126 126 127 127 127 127 127 127 127 127 127 127 127 127 127 127 127 127 128 128 128 128 128 128 128 128 128 128 128 127 126 126 126 126 126 126 126 126 126 126 126 126 125 125 125 125 125 125 125 125 124 124 124 124 124 124 124 124 125 125 124 124 123 121 120 120 119 119 119 119 119 119 119 119 119 119 118 119 119 120 121 122 116 102 89 95 116 129 129 124 126
128 128 128 126 124 122 120 118 119 120 120 121 122 122 122 122 125 126 126 126 126 126 126 126 127 127 127 127 127 127 127 127 127 127 127 127 127 127 127 127 128 128 128 128 128 128 128 128 128 128 128 127 126 126 126 126 125 125 125 125 125 125 125 125 125 125 125 125 125 125 125 125 124 124 124 124 124 124 124 124 125 125 124 124 122 121 120 119 118 118 118 118 118 118 118 118 119 118 119 119 119 119 119 119 111 97 86 90 109 126 128 126 127
128 128 127 123 120 118 118 118 118 119 120 121 122 122 122 122 125 126 126 126 126 126 126 126 127 127 127 127 127 127 127 127 127 127 127 127 127 127 127 127 128 128 128 128 128 128 128 128 128 128 128 127 126 126 126 126 125 125 125 125 125 125 125 125 125 123 123 123 123 123 123 123 124 124 124 124 124 124 124 124 125 124 124 123 122 121 120 119 118 118 118 118 118 118 118 118 118 118 119 119 118 118 117 116 105 92 82 85 103 121 127 126 127
130 129 124 120 115 114 115 116 115 116 119 121 122 122 122 121 125 127 127 127 127 127 127 127 127 127 127 127 127 127 127 127 127 127 127 127 127 127 127 127 128 128 128 128 128 128 128 128 128 128 128 127 126 126 126 126 124 124 124 124 124 124 124 124 124 124 124 124 124 124 124 124 124 124 124 124 124 124 124 124 124 124 123 123 121 120 119 119 118 117 117 117 117 117 117 117 119 119 120 120 118 117 114 111 101 89 81 82 95 115 124 128 128
129 128 122 113 109 109 111 114 113 114 117 122 124 124 122 121 126 128 128 128 128 128 128 128 127 127 127 127 127 127 127 127 127 127 127 127 127 127 127 127 128 128 128 128 128 128 128 128 128 128 128 127 126 126 126 126 124 124 124 124 124 124 124 124 124 123 123 123 123 123 123 123 124 124 124 124 124 124 124 124 124 124 123 122 120 119 119 118 117 117 117 117 117 117 117 117 118 119 120 120 118 115 111 107 99 90 81 80 90 106 121 128 128
130 126 119 108 103 103 108 111 111 112 117 122 124 124 122 121 126 128 128 128 128 128 128 128 127 127 127 127 127 127 127 127 127 127 127 127 127 127 127 127 128 128 128 128 128 128 128 128 128 128 128 127 126 126 126 126 124 124 124 124 124 124 124 124 122 122 122 122 122 122 122 122 124 124 124 124 124 124 124 124 122 123 122 121 120 119 119 118 117 116 116 116 116 116 116 116 117 119 120 121 119 114 108 103 100 93 84 81 87 101 118 128 128
128 126 117 105 99 100 104 109 109 111 117 122 124 124 122 120 126 128 128 128 128 128 128 128 127 127 127 127 127 127 127 127 127 127 127 127 127 127 127 127 128 128 128 128 128 128 128 128 128 128 128 127 126 126 126 126 124 124 124 124 124 124 124 124 122 122 122 122 122 122 122 122 124 124 124 124 124 124 124 124 122 123 122 121 119 119 118 117 116 116 116 116 116 116 116 116 118 119 121 121 119 113 106 102 101 95 86 80 85 97 116 128 128
132 124 109 98 95 99 104 108 105 107 112 119 123 124 124 124 125 126 128 129 130 130 129 128 127 126 126 126 126 126 126 126 127 128 128 127 126 126 126 126 126 127 128 129 129 128 126 125 127 127 127 127 126 125 125 124 124 122 122 122 122 122 122 122 122 122 122 122 122 122 122 122 122 122 122 122 122 122 122 122 122 122 121 120 119 119 118 118 118 117 117 116 115 114 114 114 116 119 120 120 118 111 102 95 95 95 92 88 88 96 111 123 127
129 121 105 95 93 98 103 105 103 105 111 117 123 126 126 124 125 126 128 130 131 130 129 128 127 127 127 127 127 127 127 127 128 128 128 127 126 126 126 126 126 127 129 129 129 128 125 123 126 127 127 126 125 125 124 124 124 122 122 122 122 122 122 122 122 122 122 122 122 122 122 122 122 122 122 122 122 122 122 122 122 122 121 120 120 119 119 118 118 118 117 115 116 114 114 114 115 118 120 120 117 109 100 93 93 95 94 92 90 96 108 120 126
127 119 103 93 91 95 100 103 102 104 111 117 122 126 126 125 125 126 128 130 131 130 129 128 127 127 127 127 127 127 127 127 128 128 128 127 126 126 126 126 126 127 129 129 129 128 125 123 126 127 126 126 125 124 124 124 122 122 122 122 122 122 122 122 122 122 122 122 122 122 122 122 123 123 123 123 123 123 123 123 122 122 122 121 120 120 119 119 118 118 118 117 116 116 114 114 116 118 119 119 116 109 100 94 94 95 95 93 91 95 107 120 126
124 117 101 91 89 93 97 98 99 103 109 116 122 124 125 125 125 126 128 130 131 130 129 128 128 128 128 128 128 128 128 128 128 128 128 127 126 126 126 126 126 127 129 129 129 128 125 123 125 126 126 125 126 124 124 124 122 122 122 122 122 122 122 122 122 122 122 122 122 122 122 122 124 124 124 124 124 124 124 124 122 122 122 122 121 120 120 119 118 119 118 118 117 116 116 115 117 118 119 117 114 107 99 94 95 96 96 94 92 95 105 116 126
121 112 99 89 88 92 95 95 97 101 108 115 121 124 126 126 124 126 128 130 131 130 129 128 128 128 128 128 128 128 128 128 128 128 128 127 126 126 126 126 126 127 129 129 129 128 125 123 125 125 125 125 124 124 124 123 122 122 122 122 122 122 122 122 122 122 122 122 122 122 122 122 124 123 123 123 123 123 123 123 124 123 122 122 121 121 120 120 119 118 119 118 117 117 115 116 117 118 118 116 111 105 99 95 95 97 98 95 93 95 103 112 125
120 111 98 90 89 92 94 94 95 100 106 114 121 124 126 126 126 126 128 130 131 130 129 128 128 129 129 129 129 129 129 129 128 128 128 127 126 126 126 126 126 127 129 129 129 128 125 123 125 125 125 124 124 124 123 123 122 122 122 122 122 122 122 122 122 122 122 122 122 122 122 122 124 125 125 125 125 125 125 125 123 124 123 122 122 121 121 121 119 119 118 119 118 117 117 117 118 117 118 114 111 104 99 95 96 99 100 97 95 95 102 110 124
119 111 98 91 90 92 94 93 95 98 105 114 120 124 126 126 126 126 128 130 131 130 129 128 129 129 129 129 129 129 129 129 128 128 128 127 126 126 126 126 126 127 129 129 129 128 125 123 125 125 124 124 124 123 122 122 122 122 122 122 122 122 122 122 122 122 122 122 122 122 122 122 125 125 125 125 125 125 125 125 125 123 124 123 122 122 121 121 120 119 119 118 119 118 117 117 119 117 117 113 109 103 98 95 97 100 101 99 95 95 100 107 123
119 111 99 92 91 93 94 93 94 98 105 113 120 124 126 127 126 126 128 130 131 130 129 128 129 130 130 130 130 130 130 130 128 128 128 127 126 126 126 126 126 127 129 129 129 128 125 123 125 124 124 124 123 123 122 122 123 122 122 122 122 122 122 122 122 122 122 122 122 122 122 122 125 125 125 125 125 125 125 125 125 125 123 124 122 122 122 121 120 120 119 119 119 118 118 117 119 119 116 112 108 103 98 95 97 100 102 100 95 95 99 105 123
113 107 102 97 95 94 93 92 91 95 103 113 121 126 126 126 130 130 130 130 130 130 129 129 129 129 129 129 129 130 130 130 130 128 126 125 124 123 124 123 127 127 127 127 127 126 125 124 124 124 122 123 122 122 121 121 124 124 124 124 123 122 122 122 120 119 120 120 121 121 122 122 124 124 124 124 124 124 124 124 125 124 124 124 124 124 124 124 123 122 122 121 120 120 119 119 122 120 116 111 105 102 98 97 97 98 98 97 95 95 96 97 121
110 106 103 98 95 94 93 93 92 95 102 111 118 123 126 127 130 132 132 130 130 130 129 129 129 129 129 130 130 130 130 130 130 129 126 124 123 123 123 125 127 127 127 126 125 125 124 124 124 122 122 122 121 121 120 120 123 124 124 122 122 122 121 121 119 119 120 120 121 122 122 122 124 125 125 125 125 125 125 125 125 124 124 124 124 124 124 124 123 123 122 122 121 120 120 120 123 121 117 111 105 101 99 97 97 97 97 96 95 95 95 95 117
110 106 103 99 96 94 93 93 94 95 99 104 112 119 126 130 132 132 130 130 130 129 129 128 130 130 130 130 130 130 130 130 130 129 127 124 124 125 125 126 127 127 126 126 125 125 124 124 123 122 122 122 121 121 120 120 123 124 122 122 122 122 121 121 120 120 121 121 122 123 123 123 125 125 125 125 125 125 125 125 124 124 124 124 124 124 124 124 124 122 123 122 121 121 120 120 122 120 116 111 105 102 99 98 97 97 97 96 95 95 95 95 112
110 107 103 100 96 95 94 94 95 96 97 100 106 116 124 132 132 130 130 130 130 129 128 128 130 132 132 131 131 130 130 130 130 128 126 125 125 125 126 127 127 126 126 125 125 125 124 124 123 122 122 122 121 121 120 120 123 123 123 122 122 121 120 120 121 121 122 123 122 124 124 124 126 126 126 126 126 126 126 126 124 124 124 124 124 124 124 124 124 124 122 123 122 121 121 121 122 119 115 111 105 102 100 99 97 97 97 96 95 95 95 95 106
110 108 104 100 97 95 94 94 96 96 96 99 105 115 124 132 132 130 130 130 129 128 128 127 131 131 130 131 130 129 129 128 127 126 124 124 124 124 126 127 126 126 126 125 125 123 124 123 123 122 122 122 121 121 120 120 122 123 122 122 121 120 120 119 120 121 121 122 123 122 124 124 124 124 124 124 124 124 124 124 124 124 124 124 124 124 124 124 124 124 124 122 123 122 122 121 121 119 115 110 105 103 101 100 98 97 97 96 95 95 95 95 102
110 108 104 101 97 95 95 95 95 96 98 102 109 118 126 130 130 130 129 129 128 128 127 127 130 131 130 129 127 126 125 125 124 123 122 121 121 123 124 126 126 126 124 125 123 123 123 123 123 122 122 122 121 121 120 120 122 122 122 121 121 120 119 119 119 119 120 120 121 122 122 122 123 123 123 123 123 123 123 123 124 124 124 124 124 124 124 124 125 124 124 124 122 123 122 122 120 117 114 110 105 103 102 101 98 97 97 96 95 95 95 95 99
111 109 105 101 98 95 95 95 94 95 101 108 115 121 126 129 130 129 129 128 128 127 126 126 129 129 128 126 125 124 122 122 121 120 119 119 119 121 123 124 125 124 124 124 123 123 122 122 123 122 122 122 121 121 120 120 122 122 121 121 120 119 119 119 118 118 117 119 119 119 120 120 120 120 120 120 120 120 120 120 124 124 124 124 124 124 124 124 125 125 124 124 124 123 123 122 119 117 113 109 105 103 102 102 98 97 97 96 95 95 95 95 98
111 109 105 102 98 96 95 95 91 94 103 112 120 124 126 126 129 129 129 128 127 127 126 126 127 127 126 125 123 121 120 119 118 122 118 117 118 119 122 124 125 124 124 124 123 123 122 122 123 122 122 122 121 121 120 120 122 121 121 120 119 119 119 119 116 116 116 117 118 118 118 118 119 119 119 119 119 119 119 119 122 124 124 124 124 124 124 124 125 125 125 124 124 122 123 123 119 117 113 109 105 103 103 103 98 97 97 96 95 95 95 95 98
107 106 105 103 100 96 95 93 90 98 112 124 129 129 127 127 126 126 127 127 127 127 127 128 128 125 124 130 130 118 117 111 102 101 104 109 114 118 121 122 123 125 125 126 127 126 125 124 125 125 124 124 122 121 120 120 120 120 119 119 118 118 118 118 116 116 118 118 118 117 114 112 117 115 111 107 106 110 114 119 120 123 125 124 121 119 121 125 126 126 126 126 126 124 124 124 122 119 118 114 112 108 104 102 100 100 100 100 100 101 101 102 102
106 106 104 103 101 97 95 93 92 102 118 129 132 130 129 129 125 125 125 125 125 126 126 127 128 123 124 133 130 120 109 103 98 99 103 109 114 118 120 120 123 124 126 128 128 127 126 124 125 126 125 124 123 122 121 120 119 119 119 119 118 118 117 117 116 117 118 118 118 115 111 109 107 104 100 96 95 97 101 105 115 118 122 123 119 118 120 124 124 124 124 124 124 124 124 124 123 122 121 118 116 111 107 103 102 102 102 103 103 103 104 104 105
108 106 105 103 101 98 95 95 97 108 122 131 135 132 132 130 125 124 124 125 125 125 125 125 126 121 121 129 128 116 99 99 103 105 109 113 117 119 119 119 122 123 125 127 128 127 126 125 126 126 125 124 124 123 122 121 120 120 119 119 118 118 118 117 117 118 118 117 115 112 109 106 101 100 98 97 95 93 91 89 101 116 117 119 118 119 121 125 124 124 124 124 124 124 124 124 123 123 122 121 118 114 111 108 104 103 103 103 104 105 105 106 109
109 107 105 103 101 99 98 97 104 115 127 136 138 135 133 133 126 124 124 123 123 123 123 123 124 119 119 126 124 108 95 94 108 113 116 118 119 119 118 119 121 123 125 127 128 128 127 126 127 128 127 126 124 124 123 122 120 120 120 119 119 118 118 118 119 119 118 116 113 111 108 106 106 108 111 113 111 103 95 90 92 99 116 115 119 119 122 126 124 124 124 124 124 124 124 124 124 124 124 124 121 119 115 112 107 106 106 107 107 108 109 109 114
112 108 105 103 101 100 100 101 111 121 133 139 138 136 134 134 127 124 124 123 123 122 121 121 124 118 118 124 122 103 90 89 111 119 120 122 122 120 118 117 119 122 125 126 128 129 128 127 129 129 128 127 125 124 124 124 121 121 120 120 119 119 119 118 119 119 117 115 112 110 109 108 112 118 123 126 123 114 102 94 85 91 104 114 118 120 122 124 124 124 124 124 124 124 124 124 124 124 124 124 124 121 119 117 111 109 109 110 111 111 111 111 119
112 110 105 103 101 101 103 104 117 126 136 141 139 135 134 134 128 126 125 125 123 122 121 121 124 118 118 124 124 102 87 85 112 122 123 124 123 121 118 117 118 121 124 126 129 129 129 128 130 130 129 128 127 126 125 124 122 121 121 120 120 119 119 119 119 119 117 115 112 111 112 112 113 117 122 124 121 112 100 91 81 86 102 114 120 121 123 124 124 123 123 123 123 123 123 123 122 122 124 126 124 123 121 119 113 111 112 112 113 114 114 114 122
113 111 105 102 100 102 104 107 120 130 138 141 138 135 133 133 130 129 128 126 125 124 122 122 125 120 118 124 120 101 85 84 113 123 123 124 123 121 119 118 118 120 123 126 129 130 130 129 131 130 130 129 128 126 125 125 123 122 121 121 120 119 119 119 119 118 117 115 114 115 117 118 115 117 120 121 119 111 101 94 81 84 101 114 121 123 122 123 123 123 123 123 123 123 123 123 121 121 122 124 125 124 122 120 115 114 114 115 115 116 117 117 124
114 111 106 102 100 102 105 109 123 132 139 142 138 134 132 132 130 130 129 127 126 124 123 123 126 121 119 124 119 100 85 83 112 122 123 123 123 122 119 118 118 120 123 125 128 130 130 130 130 131 131 130 128 127 126 126 123 122 122 121 120 120 119 119 118 118 117 115 115 118 120 123 123 124 126 126 122 116 108 103 80 83 102 117 122 123 122 122 122 122 122 122 122 122 122 122 120 120 122 124 123 123 122 121 117 116 116 117 117 118 119 119 124
118 113 108 103 101 103 106 110 124 134 140 143 138 134 132 134 130 130 129 127 126 125 124 124 122 121 124 128 126 113 95 80 103 118 119 124 126 126 124 122 120 120 123 125 128 130 132 134 133 133 134 133 131 130 127 125 122 121 121 122 122 122 122 123 119 119 117 118 118 118 119 120 120 118 117 119 122 120 112 97 80 87 103 118 122 124 123 124 123 124 124 122 122 121 120 120 120 120 121 122 123 123 123 123 119 118 119 119 120 121 121 121 126
119 114 110 103 102 103 106 110 124 134 140 142 138 134 132 134 130 129 128 127 126 126 124 124 121 121 124 128 127 119 102 87 101 109 115 120 123 123 122 120 120 122 124 125 128 131 133 134 134 134 135 134 133 130 127 125 123 122 122 122 122 123 123 123 120 119 119 119 119 119 119 119 124 123 123 128 130 124 108 89 84 93 108 119 124 124 124 125 125 124 124 122 121 120 119 119 120 120 121 121 122 123 123 123 120 120 120 121 121 122 123 123 126
121 116 111 104 102 103 106 109 124 133 140 142 139 134 133 134 130 130 129 128 126 126 124 124 125 124 124 124 124 120 113 100 103 106 111 116 119 119 119 117 121 123 124 126 129 131 133 134 134 134 135 134 133 130 127 125 123 123 123 123 122 122 123 123 121 120 120 120 120 120 120 120 125 127 128 130 129 117 97 80 89 103 114 124 126 126 125 125 124 124 124 122 121 120 119 119 119 120 120 121 122 122 123 123 121 121 121 122 122 123 123 123 127
122 117 111 105 103 103 106 109 123 132 138 141 137 134 133 135 132 130 130 128 127 126 126 124 128 126 123 121 123 123 119 113 108 108 111 116 119 119 118 118 122 124 126 128 130 131 133 135 134 134 135 134 133 130 127 125 125 125 123 123 123 122 122 123 121 121 121 121 121 121 121 121 119 119 117 115 111 102 89 79 99 113 123 128 128 125 125 126 124 124 123 122 121 119 119 118 119 119 120 120 121 122 122 122 122 122 122 123 123 123 125 124 127
123 119 112 106 103 103 106 109 121 130 138 140 137 134 134 135 132 130 130 129 128 126 126 126 130 127 122 120 123 126 125 122 116 114 118 120 122 123 123 123 126 126 128 129 131 133 134 135 134 134 135 134 133 130 127 125 125 125 125 125 124 123 122 122 122 122 122 122 122 122 122 122 119 115 109 103 97 95 97 100 112 121 127 130 127 123 124 125 123 123 123 121 120 119 118 118 119 119 119 120 120 121 121 122 123 123 123 123 125 125 125 125 127
124 121 114 108 103 103 105 108 120 129 136 139 137 134 134 135 132 132 130 130 128 127 126 126 131 128 122 121 124 128 127 124 122 122 123 124 126 127 128 128 128 129 130 130 131 133 134 135 134 134 135 134 133 130 127 125 126 127 126 125 123 123 122 121 122 122 122 122 122 122 122 122 123 122 118 111 105 108 118 128 124 124 129 128 124 122 123 125 123 122 122 121 119 118 118 117 118 119 119 119 120 120 121 121 123 123 124 125 126 126 126 126 128
126 122 115 108 103 103 105 108 119 128 135 139 137 134 134 136 134 132 130 130 129 128 127 126 129 126 123 124 127 129 127 123 124 125 125 125 125 127 128 129 130 130 132 132 133 134 135 135 134 134 135 134 133 130 127 125 127 128 127 125 125 123 122 121 123 124 124 124 124 124 123 124 124 128 131 128 123 120 126 135 126 124 127 125 121 118 120 125 123 122 121 120 119 118 117 116 118 118 119 119 119 120 120 121 124 124 126 126 126 127 127 128 128
126 123 115 109 104 103 105 108 119 127 134 137 137 134 134 136 134 132 132 130 129 128 127 126 127 126 124 125 129 131 125 120 122 124 122 122 124 124 126 127 130 132 132 133 133 134 135 135 134 134 135 134 133 130 127 125 128 129 127 126 125 123 122 121 124 125 124 125 124 125 124 124 118 124 136 139 132 122 119 121 122 124 125 123 118 116 118 124 123 121 121 119 118 118 117 116 118 118 118 119 119 120 120 120 124 125 126 126 127 127 128 128 128
126 125 121 112 104 100 103 107 116 125 135 140 140 136 134 134 132 130 130 130 130 130 129 129 128 127 127 127 127 127 125 123 122 122 122 122 122 124 125 125 128 130 132 134 136 136 136 136 133 131 130 130 130 128 127 126 129 129 128 126 125 124 122 121 120 120 121 122 124 124 125 126 123 125 129 130 127 124 122 122 122 123 122 121 119 119 119 120 121 120 120 119 118 117 116 115 118 118 117 117 118 118 120 121 123 124 126 125 126 126 127 127 128
126 126 123 114 104 100 102 107 114 124 134 141 140 136 134 133 130 129 129 129 129 129 129 129 128 128 128 127 126 126 125 125 122 122 122 123 123 125 125 125 127 130 132 134 137 137 136 136 131 130 129 129 128 127 127 126 129 129 127 126 124 124 122 121 119 119 120 122 124 124 125 126 126 126 125 125 124 124 124 124 123 122 121 121 120 119 119 119 119 119 119 118 117 116 115 115 118 118 117 116 117 118 120 122 123 124 126 126 126 126 127 127 128
126 126 124 116 107 102 103 107 113 122 133 140 139 136 134 134 130 129 129 129 129 129 129 129 128 128 128 127 126 126 125 125 124 122 124 124 125 125 125 126 127 130 132 134 136 136 136 135 130 129 129 128 128 127 126 126 127 127 127 125 124 123 122 121 119 120 121 122 123 124 125 125 126 125 125 125 124 124 122 123 122 121 121 120 120 119 119 119 118 118 118 118 117 116 116 115 118 118 117 116 117 118 120 122 123 124 126 126 126 126 127 127 128
126 127 125 119 110 104 104 108 112 120 132 138 138 135 134 133 130 128 128 128 128 128 128 128 128 128 128 127 126 126 125 125 124 124 124 125 125 126 126 126 128 130 132 134 135 135 134 133 130 129 128 128 127 126 126 126 126 126 125 125 124 123 122 122 120 121 121 122 123 124 125 125 125 125 125 124 124 124 123 123 122 121 120 120 119 119 119 118 118 118 117 117 117 116 116 116 118 118 117 116 117 118 120 122 123 124 126 126 126 126 127 127 128
127 128 128 122 112 106 105 109 111 118 130 138 138 134 132 133 130 128 128 128 128 128 128 128 128 128 128 127 126 126 125 125 124 125 125 125 126 127 127 128 129 130 132 134 134 134 133 132 129 128 128 127 126 126 126 126 125 125 125 123 124 123 122 122 122 122 122 122 123 123 123 123 125 124 124 124 124 123 122 122 121 120 120 119 119 118 118 118 116 116 116 116 116 116 116 117 118 118 117 116 117 118 120 122 123 124 126 126 126 126 127 127 128
127 128 129 124 116 108 107 109 109 117 128 136 137 134 133 133 129 127 127 127 127 127 127 127 128 128 128 127 126 126 125 125 125 126 126 127 128 128 129 129 130 131 132 134 134 134 132 131 129 127 127 127 127 126 124 124 124 124 123 123 123 123 122 122 123 123 123 122 123 123 123 123 124 124 124 124 123 122 122 121 120 120 119 119 118 118 118 117 115 114 114 115 116 116 117 117 118 118 117 116 117 118 120 122 123 124 126 126 126 126 127 127 128
128 128 128 126 118 111 109 110 108 115 126 134 136 133 133 133 129 127 127 127 127 127 127 127 128 128 128 127 126 126 125 125 126 127 127 128 129 129 130 130 130 131 132 134 133 132 130 129 128 127 126 126 125 124 124 124 123 122 122 122 123 123 122 122 123 123 123 122 123 122 122 122 124 124 124 123 122 122 121 121 120 119 119 119 118 118 117 117 114 113 113 114 115 116 117 117 118 118 117 116 117 118 120 122 123 124 126 126 126 126 127 127 128
128 128 128 127 120 112 109 111 107 113 126 133 135 133 131 133 128 126 126 126 126 126 126 126 128 128 128 127 126 126 125 125 127 127 128 129 129 130 130 130 130 131 132 134 132 132 130 128 127 127 126 126 125 124 124 124 122 121 121 122 123 123 122 124 123 123 123 122 122 122 122 121 123 124 122 123 122 121 121 121 120 119 119 118 118 117 117 117 113 112 113 114 115 116 117 118 118 118 117 116 117 118 120 122 123 124 126 126 127 126 127 127 128
128 128 128 128 126 119 113 109 109 113 121 131 138 138 132 126 125 125 125 125 125 125 125 125 124 126 127 128 129 129 128 128 130 132 130 130 130 130 130 130 130 130 130 130 129 128 127 127 126 126 126 126 126 125 125 125 125 124 123 123 124 123 122 122 123 123 123 123 123 123 122 122 123 123 122 122 121 120 120 120 119 119 119 118 118 118 117 117 115 115 115 115 116 116 116 116 117 117 118 117 118 118 119 120 119 119 122 125 126 127 128 128 128
127 129 128 128 127 123 116 111 111 112 119 129 138 139 132 124 124 125 125 125 125 125 125 125 124 126 128 130 130 131 130 130 132 132 132 130 130 130 129 129 129 129 128 128 127 126 126 126 125 125 125 125 125 125 125 125 125 125 125 123 124 123 122 122 123 123 123 123 123 123 123 123 122 122 121 121 120 119 119 119 119 119 118 118 118 117 116 116 116 116 116 116 116 116 116 116 117 117 118 117 119 119 119 119 117 118 122 125 127 128 128 128 128
127 129 128 128 127 124 119 114 111 112 118 126 135 137 131 123 125 125 125 125 125 125 125 125 126 128 131 132 132 133 132 130 132 132 130 130 130 130 129 128 128 128 128 127 127 126 126 126 125 125 125 125 125 125 125 125 125 125 125 123 124 123 122 122 122 122 122 122 122 122 122 122 122 122 121 121 120 119 119 119 117 117 117 117 116 115 115 114 116 116 116 116 116 116 116 116 117 117 118 117 119 119 119 119 119 119 123 126 127 128 128 127 128
128 128 128 128 127 125 123 118 113 112 116 122 132 134 131 125 124 126 126 126 126 126 126 126 129 130 132 134 135 134 132 131 130 130 130 130 129 128 128 127 127 127 126 126 125 125 125 124 123 123 123 123 123 123 123 123 125 125 125 123 124 123 122 122 122 122 122 122 122 122 122 122 122 122 121 121 120 119 119 119 117 116 115 115 114 114 113 113 115 116 116 116 116 116 116 116 117 117 118 117 119 119 119 119 119 121 123 126 128 128 128 127 128
127 127 128 128 127 127 126 122 116 113 115 120 128 132 131 126 125 126 126 126 126 126 126 126 130 133 134 135 136 134 133 131 130 129 129 128 128 127 126 126 126 125 125 125 125 123 123 123 124 124 124 124 124 124 124 124 125 125 125 123 124 123 122 122 121 121 121 121 121 121 121 121 122 122 121 121 120 119 119 119 117 114 115 114 114 113 112 112 115 116 116 116 116 116 116 116 117 117 118 117 119 119 119 119 121 122 125 127 128 128 127 127 128
127 127 128 128 128 128 127 126 119 115 115 119 126 133 133 129 127 126 126 126 126 126 126 126 130 133 135 135 135 134 132 130 129 128 128 127 126 126 125 125 125 125 125 123 123 123 122 122 123 123 123 123 123 123 123 123 125 125 125 123 124 123 122 122 121 121 121 121 121 121 121 121 122 122 121 121 120 119 119 119 117 117 116 116 115 114 114 114 115 116 116 116 116 116 116 116 117 117 118 117 119 119 119 119 122 123 126 127 128 128 127 126 128
128 127 127 127 128 128 129 129 125 117 116 119 126 133 134 133 128 127 127 127 127 127 127 127 130 133 134 134 134 133 130 128 127 127 127 126 125 125 125 125 124 124 124 123 123 122 121 121 122 122 122 122 122 122 122 122 125 125 125 123 124 123 122 122 121 120 120 120 120 120 120 120 122 122 121 121 120 119 119 119 119 119 118 118 117 116 116 115 116 116 116 116 116 116 116 116 117 117 118 117 119 119 119 119 122 125 126 128 128 128 127 126 128
129 128 127 127 128 129 129 128 127 120 117 119 126 134 136 135 129 127 127 127 127 127 127 127 130 133 134 133 133 130 129 127 126 126 126 126 125 125 123 123 124 123 123 122 122 121 120 120 122 122 122 122 122 122 122 122 125 125 125 123 124 123 122 122 121 120 120 120 120 120 120 120 122 122 121 121 120 119 119 119 119 119 119 118 118 118 117 117 116 116 116 116 116 116 116 116 117 117 118 117 119 119 119 119 124 126 127 129 128 128 127 126 127
128 128 128 128 128 128 128 128 129 126 123 122 124 129 134 137 132 130 129 129 129 128 128 128 130 133 132 132 132 129 126 125 125 125 125 124 123 123 122 122 121 121 121 121 120 120 120 120 122 122 122 122 122 122 122 122 123 124 124 123 123 123 123 123 122 122 122 121 120 120 119 119 119 119 119 119 119 119 119 119 117 116 116 116 116 116 116 116 115 115 115 115 115 115 115 115 116 116 115 115 116 119 123 125 127 127 128 128 128 128 128 127 128
128 128 128 128 128 128 128 128 129 127 125 123 124 127 132 136 132 131 130 130 129 128 128 128 130 132 132 132 132 129 126 124 123 124 123 123 122 122 121 121 120 120 120 120 120 120 120 120 122 122 122 122 122 122 122 122 122 122 122 122 122 122 122 122 122 122 121 121 120 119 119 119 119 119 119 119 119 119 119 119 116 115 115 115 115 115 115 115 115 115 115 115 115 115 115 115 115 114 113 114 117 120 125 128 128 128 128 128 128 128 128 128 128
128 128 128 128 128 128 128 128 128 128 126 124 124 127 132 135 132 131 130 130 129 128 128 128 130 130 132 132 130 129 126 124 123 124 123 123 122 122 121 121 121 121 121 121 121 121 121 121 122 122 122 122 122 122 122 122 122 122 122 122 122 122 122 122 122 121 121 120 120 119 119 119 119 118 118 118 118 118 118 118 116 115 115 115 115 115 115 115 115 115 115 115 115 115 115 115 114 113 114 116 118 123 126 129 128 128 128 128 128 128 128 128 128
128 128 128 128 128 128 128 128 129 128 126 126 126 127 131 132 132 131 130 130 129 128 128 128 128 129 130 131 130 129 126 124 123 124 123 123 122 122 121 121 121 121 121 121 121 121 121 121 122 122 122 122 122 122 122 122 122 122 122 122 122 122 122 122 121 121 120 120 119 119 119 119 118 118 118 118 118 118 118 118 116 115 115 115 115 115 115 115 115 115 115 115 115 115 115 115 113 113 115 118 121 126 128 129 128 128 128 128 128 128 128 128 128
128 128 128 128 128 128 128 128 128 128 127 126 126 128 130 131 131 131 130 130 129 128 128 128 127 128 129 130 130 129 126 124 123 124 123 123 122 122 121 121 122 122 122 122 122 122 122 122 122 122 122 122 122 122 122 122 121 121 121 121 121 121 121 121 121 120 120 119 119 119 118 118 118 117 117 117 117 117 117 117 116 115 115 115 115 115 115 115 115 115 115 115 115 115 115 115 114 115 117 121 125 127 128 129 128 128 128 128 128 128 128 128 128
128 128 128 128 128 128 128 128 128 128 128 128 128 128 128 129 130 131 130 130 129 128 128 128 126 126 128 129 129 128 127 126 123 124 123 123 122 122 121 121 122 122 122 122 122 122 122 122 122 122 122 122 122 122 122 122 121 121 121 121 121 121 121 121 120 120 119 119 119 118 118 117 117 117 117 117 117 117 117 117 116 115 115 115 115 115 115 115 115 115 115 115 115 115 115 115 117 119 121 125 127 128 128 128 128 128 128 128 128 128 128 128 128
128 128 128 128 128 128 128 128 128 128 128 128 129 128 127 127 130 131 130 130 129 128 128 128 125 126 127 129 129 128 127 126 125 124 123 123 122 122 121 121 122 122 122 122 122 122 122 122 122 122 122 122 122 122 122 122 121 120 120 120 120 120 120 120 120 119 119 119 118 118 117 117 116 116 116 116 116 116 116 116 115 115 115 115 115 115 115 115 115 115 115 115 115 115 115 115 119 122 126 127 128 128 128 128 128 128 128 128 128 128 128 128 128
128 128 128 128 128 128 128 128 128 128 128 128 129 128 127 126 130 131 130 130 129 128 128 128 124 125 126 128 129 128 127 126 125 124 123 123 122 122 121 121 122 122 122 122 122 122 122 122 122 122 122 122 122 122 122 122 121 120 120 120 120 120 120 120 119 119 119 119 118 117 117 117 116 116 116 116 116 116 116 116 115 115 115 115 115 115 115 115 115 115 115 115 115 115 115 115 121 124 127 128 128 128 128 126 127 128 128 128 128 128 128 128 128
128 128 128 128 128 128 128 128 128 128 128 128 128 128 128 127 128 129 129 129 128 128 128 128 127 126 127 127 127 127 127 127 126 126 126 126 125 125 123 123 123 123 123 123 123 123 123 123 122 122 122 121 121 121 120 120 121 121 121 120 120 119 119 119 118 118 118 118 117 117 117 117 115 114 114 115 115 116 116 116 114 114 114 114 115 116 116 116 119 119 117 115 115 116 118 119 126 127 128 128 128 128 128 127 128 128 128 128 128 128 128 128 128
128 128 128 128 128 128 128 128 128 128 128 128 128 128 128 128 128 128 128 128 128 128 128 128 127 127 127 127 127 127 127 127 127 127 126 126 126 125 125 125 124 123 123 123 123 123 123 123 122 122 121 121 120 119 119 119 121 121 120 120 119 119 118 118 117 116 116 116 116 116 116 116 114 113 114 114 115 116 116 117 114 113 114 114 115 116 116 117 119 119 118 116 116 118 120 124 127 128 128 128 128 128 128 128 128 128 128 128 128 128 128 128 128
128 128 128 128 128 128 128 128 128 128 128 128 128 128 128 128 128 128 128 128 128 128 128 128 127 127 127 127 127 127 127 127 127 127 126 126 126 125 125 125 124 123 123 123 123 123 123 123 122 121 121 120 120 119 118 118 120 120 120 119 119 118 118 118 117 116 116 116 116 116 116 116 114 114 114 115 116 116 117 117 115 114 114 115 116 116 117 117 118 118 117 117 119 120 123 127 127 128 128 128 128 128 128 128 128 128 128 128 128 128 128 128 128
128 128 128 128 128 128 128 128 128 128 128 128 128 128 128 128 128 128 128 128 128 128 128 128 127 127 127 127 127 127 127 127 127 127 126 126 126 125 125 125 124 123 123 123 123 123 123 123 122 121 120 120 119 119 119 119 119 119 119 118 118 118 117 117 116 115 115 115 115 115 115 115 114 114 115 116 116 117 117 118 115 114 115 116 116 117 117 117 117 117 118 119 121 124 127 128 128 128 128 128 128 128 128 128 128 128 128 128 128 128 128 128 128
128 128 128 128 128 128 128 128 128 128 128 128 128 128 128 128 128 128 128 128 128 128 128 128 127 127 127 127 127 127 127 127 127 127 126 126 126 125 125 125 124 123 123 123 123 123 123 123 121 120 120 119 119 119 117 117 119 118 118 118 117 116 116 115 115 115 115 115 115 115 115 115 115 115 116 116 117 118 118 118 116 115 116 116 117 118 117 117 117 117 119 122 125 127 128 128 128 128 128 128 128 128 128 128 128 128 128 128 128 128 128 128 128
128 128 128 128 128 128 128 128 128 128 128 128 128 128 128 128 128 128 128 128 128 128 128 128 127 127 127 127 127 127 127 127 127 127 126 126 126 125 125 125 124 123 123 123 123 123 123 123 121 120 119 119 119 117 117 117 117 117 117 117 116 115 115 114 114 114 114 114 114 114 114 114 115 116 116 117 118 118 118 118 116 116 116 117 118 117 119 119 118 120 122 125 127 128 128 128 128 128 128 128 128 128 128 128 128 128 128 128 128 128 128 128 128
128 128 128 128 128 128 128 128 128 128 128 128 128 128 128 128 128 128 128 128 128 128 128 128 127 127 127 127 127 127 127 127 127 127 126 126 126 125 125 125 124 123 123 123 123 123 123 123 120 119 119 118 118 118 117 117 116 116 116 116 115 114 114 113 114 114 114 114 114 114 114 114 115 116 117 117 118 118 118 118 117 116 117 117 117 119 119 119 120 123 126 128 128 128 128 126 127 128 128 128 128 128 128 128 128 128 128 128 128 128 128 128 128
128 128 128 128 128 128 128 128 128 128 128 128 128 128 128 128 128 128 128 128 128 128 128 128 127 127 127 127 127 127 127 127 127 127 126 126 126 125 125 125 124 123 123 123 123 123 123 123 120 119 118 118 118 117 117 117 116 116 115 115 114 113 113 112 113 113 113 113 113 113 113 113 115 116 117 118 118 118 118 119 117 116 117 117 117 119 119 119 123 125 128 130 129 128 126 125 127 128 128 128 128 128 128 128 128 128 128 128 128 128 128 128 128
128 128 128 128 128 128 128 128 128 128 128 128 128 128 128 128 128 128 128 128 128 128 128 128 128 128 128 128 128 128 128 128 126 125 125 125 125 125 125 125 126 126 124 125 125 123 123 123 120 119 119 119 117 117 117 117 117 117 117 116 116 116 116 116 115 115 115 115 115 114 114 114 115 116 117 117 118 118 118 119 118 117 117 119 120 122 124 124 127 127 128 128 128 128 127 127 128 128 128 128 128 128 128 128 128 128 128 128 128 128 128 128 128
128 128 128 128 128 128 128 128 128 128 128 128 128 128 128 128 128 128 128 128 128 128 128 128 128 128 128 128 128 128 128 128 125 125 125 125 125 125 125 125 124 126 124 125 123 123 123 122 120 119 119 119 117 117 117 117 116 116 116 116 116 116 116 116 116 115 115 115 114 114 113 113 115 116 117 117 117 119 119 118 119 119 119 121 122 125 126 127 127 128 128 128 128 128 128 128 128 128 128 128 128 128 128 128 128 128 128 128 128 128 128 128 128
128 128 128 128 128 128 128 128 128 128 128 128 128 128 128 128 128 128 128 128 128 128 128 128 128 128 128 128 128 129 128 128 126 125 125 125 125 125 125 125 125 123 123 123 122 122 121 121 119 119 119 119 117 117 117 117 115 115 115 115 115 115 115 115 114 114 114 113 113 113 113 113 115 116 117 117 117 119 119 118 120 121 122 124 125 126 126 127 128 128 128 128 128 128 128 128 128 128 128 128 128 128 128 128 128 128 128 128 128 128 128 128 128
128 128 128 128 128 128 128 128 128 128 128 128 128 128 128 128 128 128 128 128 128 128 128 128 128 128 128 128 128 129 128 129 126 126 126 126 126 126 126 126 123 122 122 121 121 120 119 119 119 119 119 119 117 117 117 117 115 114 114 114 114 114 114 114 113 112 113 113 114 114 114 114 116 117 118 118 119 119 119 119 124 124 126 126 127 127 128 129 128 128 128 128 128 128 128 128 128 128 128 128 128 128 128 128 128 128 128 128 128 128 128 128 128
128 128 128 128 128 128 128 128 128 128 128 128 128 128 128 128 128 128 128 128 128 128 128 128 128 128 128 128 128 128 128 129 126 127 126 126 126 126 126 126 123 122 121 121 120 119 119 119 119 119 119 119 117 117 117 117 115 114 114 114 114 114 114 114 113 113 113 114 115 115 116 116 118 118 119 119 120 121 121 122 126 127 127 128 128 128 128 128 128 128 128 128 128 128 128 128 128 128 128 128 128 128 128 128 128 128 128 128 128 128 128 128 128
128 128 128 128 128 128 128 128 128 128 128 128 128 128 128 128 128 128 128 128 128 128 128 128 128 128 128 128 128 128 128 128 127 126 127 127 127 126 126 126 124 123 123 122 121 121 120 120 119 119 119 119 117 117 117 117 116 116 116 116 116 116 116 116 114 114 114 116 117 118 119 119 121 122 122 123 124 124 125 125 127 128 128 128 128 128 128 128 128 128 128 128 128 128 128 128 128 128 128 128 128 128 128 128 128 128 128 128 128 128 128 128 128
128 128 128 128 128 128 128 128 128 128 128 128 128 128 128 128 128 128 128 128 128 128 128 128 128 128 128 128 128 128 128 128 127 127 127 127 127 127 127 127 125 125 125 124 123 123 122 122 120 119 119 119 117 117 117 117 117 117 117 117 117 117 117 117 116 116 117 118 119 121 122 123 125 126 126 126 127 127 128 128 128 128 128 128 127 127 127 127 128 128 128 128 128 128 128 128 128 128 128 128 128 128 128 128 128 128 128 128 128 128 128 128 128
128 128 128 128 128 128 128 128 128 128 128 128 128 128 128 128 128 128 128 128 128 128 128 128 128 128 128 128 128 128 128 128 127 127 127 127 127 127 127 127 126 127 125 125 125 124 123 123 120 119 119 119 117 117 117 117 119 119 119 119 119 119 119 119 117 117 118 119 121 123 124 125 127 128 128 128 129 128 128 130 128 128 127 127 127 127 127 127 127 128 128 128 128 128 128 128 128 128 128 128 128 128 128 128 128 128 128 128 128 128 128 128 128
128 128 128 128 128 128 128 128 128 128 128 128 128 128 128 128 128 128 128 128 128 128 128 128 128 128 128 128 128 128 128 128 128 128 128 128 128 128 128 128 128 128 127 127 127 127 127 127 127 126 124 124 123 122 121 121 119 120 120 122 123 124 125 125 126 126 126 127 127 127 127 127 128 128 128 128 128 128 128 128 128 128 128 128 128 128 128 127 128 128 128 128 128 128 128 128 128 128 128 128 128 128 128 128 128 128 128 128 128 128 128 128 128
